Number of nodes 640
     0 :  0.0000000e+00  1.0000000e+00
     1 :  0.0000000e+00  0.0000000e+00
     2 :  1.0000000e+00  1.0000000e+00
     3 :  1.0000000e+00  7.5000000e-01
     4 :  5.0000000e-01  7.5000000e-01
     5 :  5.0000000e-01  2.5000000e-01
     6 :  1.0000000e+00  2.5000000e-01
     7 :  1.0000000e+00  0.0000000e+00
     8 :  0.0000000e+00  9.6428571e-01
     9 :  0.0000000e+00  8.9285714e-01
    10 :  0.0000000e+00  8.2142857e-01
    11 :  0.0000000e+00  7.5000000e-01
    12 :  0.0000000e+00  6.7857143e-01
    13 :  0.0000000e+00  6.0714286e-01
    14 :  0.0000000e+00  5.3571429e-01
    15 :  0.0000000e+00  4.6428571e-01
    16 :  0.0000000e+00  3.9285714e-01
    17 :  0.0000000e+00  3.2142857e-01
    18 :  0.0000000e+00  2.5000000e-01
    19 :  0.0000000e+00  1.7857143e-01
    20 :  0.0000000e+00  1.0714286e-01
    21 :  0.0000000e+00  3.5714286e-02
    22 :  0.0000000e+00  9.2857143e-01
    23 :  0.0000000e+00  8.5714286e-01
    24 :  0.0000000e+00  7.8571429e-01
    25 :  0.0000000e+00  7.1428571e-01
    26 :  0.0000000e+00  6.4285714e-01
    27 :  0.0000000e+00  5.7142857e-01
    28 :  0.0000000e+00  5.0000000e-01
    29 :  0.0000000e+00  4.2857143e-01
    30 :  0.0000000e+00  3.5714286e-01
    31 :  0.0000000e+00  2.8571429e-01
    32 :  0.0000000e+00  2.1428571e-01
    33 :  0.0000000e+00  1.4285714e-01
    34 :  0.0000000e+00  7.1428571e-02
    35 :  9.6428571e-01  1.0000000e+00
    36 :  8.9285714e-01  1.0000000e+00
    37 :  8.2142857e-01  1.0000000e+00
    38 :  7.5000000e-01  1.0000000e+00
    39 :  6.7857143e-01  1.0000000e+00
    40 :  6.0714286e-01  1.0000000e+00
    41 :  5.3571429e-01  1.0000000e+00
    42 :  4.6428571e-01  1.0000000e+00
    43 :  3.9285714e-01  1.0000000e+00
    44 :  3.2142857e-01  1.0000000e+00
    45 :  2.5000000e-01  1.0000000e+00
    46 :  1.7857143e-01  1.0000000e+00
    47 :  1.0714286e-01  1.0000000e+00
    48 :  3.5714286e-02  1.0000000e+00
    49 :  9.2857143e-01  1.0000000e+00
    50 :  8.5714286e-01  1.0000000e+00
    51 :  7.8571429e-01  1.0000000e+00
    52 :  7.1428571e-01  1.0000000e+00
    53 :  6.4285714e-01  1.0000000e+00
    54 :  5.7142857e-01  1.0000000e+00
    55 :  5.0000000e-01  1.0000000e+00
    56 :  4.2857143e-01  1.0000000e+00
    57 :  3.5714286e-01  1.0000000e+00
    58 :  2.8571429e-01  1.0000000e+00
    59 :  2.1428571e-01  1.0000000e+00
    60 :  1.4285714e-01  1.0000000e+00
    61 :  7.1428571e-02  1.0000000e+00
    62 :  1.0000000e+00  7.8125000e-01
    63 :  1.0000000e+00  8.4375000e-01
    64 :  1.0000000e+00  9.0625000e-01
    65 :  1.0000000e+00  9.6875000e-01
    66 :  1.0000000e+00  8.1250000e-01
    67 :  1.0000000e+00  8.7500000e-01
    68 :  1.0000000e+00  9.3750000e-01
    69 :  9.6428571e-01  7.5000000e-01
    70 :  8.9285714e-01  7.5000000e-01
    71 :  8.2142857e-01  7.5000000e-01
    72 :  7.5000000e-01  7.5000000e-01
    73 :  6.7857143e-01  7.5000000e-01
    74 :  6.0714286e-01  7.5000000e-01
    75 :  5.3571429e-01  7.5000000e-01
    76 :  9.2857143e-01  7.5000000e-01
    77 :  8.5714286e-01  7.5000000e-01
    78 :  7.8571429e-01  7.5000000e-01
    79 :  7.1428571e-01  7.5000000e-01
    80 :  6.4285714e-01  7.5000000e-01
    81 :  5.7142857e-01  7.5000000e-01
    82 :  4.6442129e-01  7.4745536e-01
    83 :  3.9614625e-01  7.2740800e-01
    84 :  3.3628482e-01  6.8893739e-01
    85 :  2.8968662e-01  6.3516020e-01
    86 :  2.6012676e-01  5.7043314e-01
    87 :  2.5000000e-01  5.0000000e-01
    88 :  2.6012676e-01  4.2956686e-01
    89 :  2.8968662e-01  3.6483980e-01
    90 :  3.3628482e-01  3.1106261e-01
    91 :  3.9614625e-01  2.7259200e-01
    92 :  4.6442129e-01  2.5254464e-01
    93 :  4.2956686e-01  7.3987324e-01
    94 :  3.6483980e-01  7.1031338e-01
    95 :  3.1106261e-01  6.6371518e-01
    96 :  2.7259200e-01  6.0385375e-01
    97 :  2.5254464e-01  5.3557871e-01
    98 :  2.5254464e-01  4.6442129e-01
    99 :  2.7259200e-01  3.9614625e-01
   100 :  3.1106261e-01  3.3628482e-01
   101 :  3.6483980e-01  2.8968662e-01
   102 :  4.2956686e-01  2.6012676e-01
   103 :  5.3571429e-01  2.5000000e-01
   104 :  6.0714286e-01  2.5000000e-01
   105 :  6.7857143e-01  2.5000000e-01
   106 :  7.5000000e-01  2.5000000e-01
   107 :  8.2142857e-01  2.5000000e-01
   108 :  8.9285714e-01  2.5000000e-01
   109 :  9.6428571e-01  2.5000000e-01
   110 :  5.7142857e-01  2.5000000e-01
   111 :  6.4285714e-01  2.5000000e-01
   112 :  7.1428571e-01  2.5000000e-01
   113 :  7.8571429e-01  2.5000000e-01
   114 :  8.5714286e-01  2.5000000e-01
   115 :  9.2857143e-01  2.5000000e-01
   116 :  1.0000000e+00  3.1250000e-02
   117 :  1.0000000e+00  9.3750000e-02
   118 :  1.0000000e+00  1.5625000e-01
   119 :  1.0000000e+00  2.1875000e-01
   120 :  1.0000000e+00  6.2500000e-02
   121 :  1.0000000e+00  1.2500000e-01
   122 :  1.0000000e+00  1.8750000e-01
   123 :  3.5714286e-02  0.0000000e+00
   124 :  1.0714286e-01  0.0000000e+00
   125 :  1.7857143e-01  0.0000000e+00
   126 :  2.5000000e-01  0.0000000e+00
   127 :  3.2142857e-01  0.0000000e+00
   128 :  3.9285714e-01  0.0000000e+00
   129 :  4.6428571e-01  0.0000000e+00
   130 :  5.3571429e-01  0.0000000e+00
   131 :  6.0714286e-01  0.0000000e+00
   132 :  6.7857143e-01  0.0000000e+00
   133 :  7.5000000e-01  0.0000000e+00
   134 :  8.2142857e-01  0.0000000e+00
   135 :  8.9285714e-01  0.0000000e+00
   136 :  9.6428571e-01  0.0000000e+00
   137 :  7.1428571e-02  0.0000000e+00
   138 :  1.4285714e-01  0.0000000e+00
   139 :  2.1428571e-01  0.0000000e+00
   140 :  2.8571429e-01  0.0000000e+00
   141 :  3.5714286e-01  0.0000000e+00
   142 :  4.2857143e-01  0.0000000e+00
   143 :  5.0000000e-01  0.0000000e+00
   144 :  5.7142857e-01  0.0000000e+00
   145 :  6.4285714e-01  0.0000000e+00
   146 :  7.1428571e-01  0.0000000e+00
   147 :  7.8571429e-01  0.0000000e+00
   148 :  8.5714286e-01  0.0000000e+00
   149 :  9.2857143e-01  0.0000000e+00
   150 :  7.1854470e-01  1.9245289e-01
   151 :  6.5176393e-01  1.9157295e-01
   152 :  7.5961128e-02  7.8539100e-01
   153 :  4.0242242e-01  9.1247703e-01
   154 :  2.3739286e-01  7.9546269e-01
   155 :  2.1090858e-01  3.8961511e-01
   156 :  6.0482679e-02  4.3577008e-01
   157 :  5.9065992e-02  4.9451441e-01
   158 :  6.5668125e-02  5.6351103e-01
   159 :  5.0281671e-01  9.4115877e-01
   160 :  6.7910222e-01  8.7608751e-01
   161 :  5.0468542e-01  8.8268323e-01
   162 :  7.5020450e-01  8.4417516e-01
   163 :  6.1686264e-01  1.9000790e-01
   164 :  4.0997544e-01  2.0689606e-01
   165 :  3.6168755e-01  1.8770519e-01
   166 :  5.7996799e-01  1.8854877e-01
   167 :  2.7309573e-01  2.5748030e-01
   168 :  3.8545452e-02  3.2579609e-01
   169 :  1.2017123e-01  4.6600890e-01
   170 :  1.3688350e-01  1.7287078e-01
   171 :  3.3028936e-01  5.2958080e-02
   172 :  3.2591533e-01  2.2605978e-01
   173 :  3.4709766e-01  1.3228257e-01
   174 :  3.1754060e-01  1.6503324e-01
   175 :  3.9995810e-01  7.7975373e-01
   176 :  1.9528810e-01  7.0818541e-01
   177 :  3.7764658e-02  8.2155371e-01
   178 :  3.6822700e-01  9.1082170e-01
   179 :  1.7884042e-01  2.7142470e-01
   180 :  2.1168931e-01  6.1957042e-01
   181 :  1.9427412e-01  4.6511006e-01
   182 :  7.4983585e-01  1.0221602e-01
   183 :  8.2208254e-01  1.5902668e-01
   184 :  9.6428927e-01  7.8125713e-01
   185 :  8.5719663e-01  8.4385766e-01
   186 :  7.5022127e-01  8.7545048e-01
   187 :  8.9287100e-01  7.8127740e-01
   188 :  9.6429437e-01  8.4376705e-01
   189 :  7.8584595e-01  8.4402026e-01
   190 :  6.0800895e-01  9.3904190e-01
   191 :  8.2149310e-01  8.1263221e-01
   192 :  6.4316332e-01  9.6930687e-01
   193 :  1.3151916e-01  5.5268082e-01
   194 :  3.0853425e-01  8.4372011e-01
   195 :  7.0665322e-02  6.3681316e-01
   196 :  7.4607765e-02  7.1127657e-01
   197 :  6.4360702e-01  9.0770315e-01
   198 :  3.9016191e-01  1.5222856e-01
   199 :  4.0445332e-01  9.5332483e-02
   200 :  4.8301624e-01  5.0041922e-02
   201 :  9.2865321e-01  1.8798864e-01
   202 :  7.1968778e-01  1.3663173e-01
   203 :  4.3944159e-01  1.6884681e-01
   204 :  4.3371562e-01  9.4177377e-01
   205 :  4.3862557e-01  8.8527248e-01
   206 :  1.9633434e-01  9.2641643e-02
   207 :  5.0391004e-01  8.2395967e-01
   208 :  6.9916160e-01  7.8258997e-02
   209 :  9.6432235e-01  1.5654666e-01
   210 :  4.6047214e-01  1.2864494e-01
   211 :  4.9134676e-01  1.5299608e-01
   212 :  4.4253167e-01  7.9388602e-01
   213 :  9.1636734e-02  2.1599514e-01
   214 :  3.0656534e-01  1.0967879e-01
   215 :  7.5731845e-02  8.2187905e-01
   216 :  6.4344916e-01  8.1387596e-01
   217 :  8.2149356e-01  9.3762798e-01
   218 :  7.8585686e-01  8.7528849e-01
   219 :  6.6371252e-01  1.3533118e-01
   220 :  6.1162311e-01  2.1995783e-01
   221 :  2.2415948e-01  8.9967505e-01
   222 :  3.6069094e-01  9.6996027e-01
   223 :  2.9579854e-01  5.5153155e-02
   224 :  7.5277495e-01  1.6225304e-01
   225 :  9.2865755e-01  1.5689908e-01
   226 :  7.8695305e-01  1.9041408e-01
   227 :  4.1080872e-02  2.8935414e-01
   228 :  2.7804886e-01  8.0440734e-01
   229 :  1.8668523e-01  8.9737721e-01
   230 :  3.7502414e-02  8.5747143e-01
   231 :  4.4263877e-01  8.3335214e-01
   232 :  7.4244044e-02  3.4544680e-02
   233 :  1.1410304e-01  8.2264652e-01
   234 :  4.0586885e-01  8.8441022e-01
   235 :  1.5448125e-01  7.4857088e-01
   236 :  4.4434029e-02  2.1525933e-01
   237 :  2.4652801e-01  2.2184570e-01
   238 :  1.9260114e-01  8.2690280e-01
   239 :  2.8448663e-01  1.9654686e-01
   240 :  2.0372102e-01  1.2242845e-01
   241 :  1.1568787e-01  6.7341741e-02
   242 :  1.6445994e-01  3.0693714e-01
   243 :  2.9770400e-01  9.0551904e-01
   244 :  2.6125443e-01  9.0248648e-01
   245 :  1.5436019e-01  7.8705425e-01
   246 :  1.2764481e-01  1.3610755e-01
   247 :  4.3260383e-02  2.5248084e-01
   248 :  1.3557949e-01  2.6009294e-01
   249 :  7.1452906e-01  8.1302782e-01
   250 :  9.2858642e-01  9.3752878e-01
   251 :  8.2151333e-01  9.0641841e-01
   252 :  6.1998940e-01  6.5868417e-02
   253 :  3.6394369e-01  5.0602062e-02
   254 :  3.5410797e-01  1.5953488e-01
   255 :  5.5906464e-01  1.2351572e-01
   256 :  3.1216965e-01  1.3707244e-01
   257 :  3.6433593e-01  9.4017897e-01
   258 :  1.5304831e-01  8.2417841e-01
   259 :  3.7841061e-02  7.8545618e-01
   260 :  5.7289065e-01  8.1635660e-01
   261 :  5.7212595e-01  9.6986189e-01
   262 :  7.5015640e-01  8.1283180e-01
   263 :  9.2857938e-01  7.8126563e-01
   264 :  5.3488152e-01  8.8280314e-02
   265 :  4.5780404e-01  2.2576772e-01
   266 :  4.9136985e-01  2.5593011e-02
   267 :  1.1164325e-01  8.9450855e-01
   268 :  3.7658811e-02  7.4918131e-01
   269 :  4.4084576e-01  8.5844652e-01
   270 :  2.0219127e-01  5.8125301e-01
   271 :  2.2174773e-01  1.7586885e-01
   272 :  1.9598665e-01  5.4322776e-01
   273 :  1.4233332e-01  3.8009237e-01
   274 :  2.5540305e-01  2.8809352e-02
   275 :  7.1556100e-02  3.6706625e-01
   276 :  3.3336388e-01  9.0840987e-01
   277 :  7.5133877e-01  2.2073426e-01
   278 :  9.2856188e-01  3.1536304e-02
   279 :  8.5747200e-01  1.5804780e-01
   280 :  8.2138741e-01  9.6923341e-02
   281 :  2.5350503e-01  9.6743313e-01
   282 :  3.5937853e-01  7.9474120e-01
   283 :  2.5720424e-01  9.3495141e-01
   284 :  3.8110899e-01  2.4618361e-01
   285 :  6.3169372e-01  1.3072741e-01
   286 :  2.0080163e-01  4.2631944e-01
   287 :  2.2481878e-01  4.6476142e-01
   288 :  6.7358850e-01  1.0786880e-01
   289 :  6.9158179e-01  1.3988778e-01
   290 :  7.1567294e-01  1.0861481e-01
   291 :  1.5237840e-01  7.0871868e-01
   292 :  1.6439187e-01  5.4758913e-01
   293 :  2.7774161e-01  1.4089780e-01
   294 :  2.8227549e-01  1.6841623e-01
   295 :  1.7728754e-01  3.8548649e-01
   296 :  2.1787301e-01  2.8125487e-01
   297 :  2.7611503e-01  3.2780904e-01
   298 :  3.5080926e-01  8.2148617e-01
   299 :  3.8253469e-01  7.4746825e-01
   300 :  6.7877156e-01  9.6912725e-01
   301 :  6.0764140e-01  7.8261421e-01
   302 :  5.0162594e-01  8.0964573e-02
   303 :  4.1334184e-01  1.1867524e-01
   304 :  2.3064949e-01  1.9472117e-01
   305 :  2.9338556e-01  9.3682927e-01
   306 :  3.7163924e-02  7.1277546e-01
   307 :  3.2498375e-01  7.8425082e-01
   308 :  7.1460332e-01  8.4441912e-01
   309 :  7.1441722e-01  7.8154214e-01
   310 :  8.5720115e-01  8.7511591e-01
   311 :  6.7905830e-01  9.0721138e-01
   312 :  6.7877634e-01  7.8172508e-01
   313 :  7.1462848e-01  8.7570115e-01
   314 :  7.0796277e-01  3.7193679e-02
   315 :  6.2342098e-01  1.6024108e-01
   316 :  3.9423225e-01  2.4216087e-02
   317 :  4.5450483e-01  4.6420730e-02
   318 :  5.8385449e-01  6.2651268e-02
   319 :  4.1978532e-01  2.3438147e-01
   320 :  6.3192473e-01  3.3529351e-02
   321 :  4.9730290e-01  2.2046890e-01
   322 :  2.4275629e-01  3.9301035e-01
   323 :  6.7894203e-01  9.3821132e-01
   324 :  7.8581522e-01  9.3769920e-01
   325 :  7.8584606e-01  9.0651306e-01
   326 :  6.4714248e-01  2.2064575e-01
   327 :  4.5904319e-01  2.3761886e-02
   328 :  4.3015371e-01  8.9060156e-02
   329 :  3.2934636e-01  2.6272889e-01
   330 :  8.5718392e-01  8.1258282e-01
   331 :  8.9288296e-01  9.3755004e-01
   332 :  8.2146340e-01  7.8132196e-01
   333 :  3.8122587e-01  1.2624930e-01
   334 :  5.5996571e-01  3.0034077e-02
   335 :  5.7156437e-01  9.2929904e-02
   336 :  7.1656155e-01  2.2111825e-01
   337 :  6.8533779e-01  1.9266831e-01
   338 :  6.8197586e-01  2.2113592e-01
   339 :  3.5329308e-02  6.3993782e-01
   340 :  7.2866673e-02  6.7397602e-01
   341 :  3.6360586e-02  6.7632879e-01
   342 :  4.1293956e-01  7.5932400e-01
   343 :  3.6996053e-01  7.6986090e-01
   344 :  4.1844037e-01  8.0846656e-01
   345 :  7.8576863e-01  7.8136433e-01
   346 :  7.5008443e-01  7.8143210e-01
   347 :  6.0841467e-01  8.7756577e-01
   348 :  3.1784253e-01  7.1176351e-01
   349 :  1.5258556e-01  3.4315341e-01
   350 :  2.5639914e-01  2.8908923e-01
   351 :  6.4367909e-01  8.7667809e-01
   352 :  6.0807052e-01  8.1477742e-01
   353 :  8.5716504e-01  7.8129498e-01
   354 :  8.4827063e-02  1.3993965e-01
   355 :  1.1118518e-01  3.3662753e-02
   356 :  4.0010688e-01  1.7912549e-01
   357 :  9.2859235e-01  8.7504068e-01
   358 :  6.7906503e-01  8.4480538e-01
   359 :  6.0760769e-01  9.6955128e-01
   360 :  6.0829341e-01  9.0840871e-01
   361 :  1.9391807e-01  1.9071751e-01
   362 :  3.5926225e-02  3.6180079e-01
   363 :  2.8829940e-02  4.6464909e-01
   364 :  2.0250202e-01  3.1455050e-01
   365 :  3.3268765e-02  3.9722407e-01
   366 :  6.0834145e-01  8.4639871e-01
   367 :  6.7895052e-01  8.1334672e-01
   368 :  6.4317677e-01  7.8204054e-01
   369 :  8.9289070e-01  9.0631558e-01
   370 :  9.6429252e-01  9.3751311e-01
   371 :  5.7339506e-01  8.7885526e-01
   372 :  5.7330591e-01  8.4794510e-01
   373 :  8.2151307e-01  8.4392141e-01
   374 :  9.2859067e-01  8.4378766e-01
   375 :  5.7220322e-01  7.8374255e-01
   376 :  7.8581494e-01  8.1270944e-01
   377 :  9.2859960e-01  9.4424654e-02
   378 :  7.4623835e-01  6.9968947e-02
   379 :  8.5746445e-01  1.8882600e-01
   380 :  7.4749036e-01  3.5009160e-02
   381 :  8.2106868e-01  3.2643610e-02
   382 :  9.2863529e-01  1.2571647e-01
   383 :  7.8554835e-01  9.8901238e-02
   384 :  7.8448344e-01  6.6748508e-02
   385 :  8.2183275e-01  1.2821867e-01
   386 :  8.5701757e-01  3.2098450e-02
   387 :  9.6432002e-01  1.8772435e-01
   388 :  9.6430063e-01  9.4055126e-02
   389 :  8.9302131e-01  1.8833835e-01
   390 :  8.5701379e-01  6.4046200e-02
   391 :  3.4389099e-01  8.4958800e-01
   392 :  2.3239242e-01  8.3127582e-01
   393 :  4.0957906e-01  8.5740825e-01
   394 :  8.5735360e-01  1.2703310e-01
   395 :  7.5209706e-01  1.3275924e-01
   396 :  9.2857036e-01  6.3024233e-02
   397 :  5.0146894e-01  9.7055561e-01
   398 :  4.6820544e-01  9.4169209e-01
   399 :  4.3116911e-01  9.7078346e-01
   400 :  4.6629686e-01  9.7077985e-01
   401 :  5.3765747e-01  9.4041534e-01
   402 :  5.3674131e-01  9.7021676e-01
   403 :  8.9289058e-01  8.4381592e-01
   404 :  9.6429514e-01  8.7501840e-01
   405 :  2.8945196e-01  9.6832967e-01
   406 :  3.7747751e-01  8.5429819e-01
   407 :  3.0264687e-01  8.7444998e-01
   408 :  2.3173177e-01  8.8749696e-02
   409 :  1.9697555e-01  2.3802350e-01
   410 :  3.7153607e-02  3.5192753e-02
   411 :  5.0171413e-01  7.9237246e-01
   412 :  5.3804799e-01  8.1916899e-01
   413 :  5.3690193e-01  7.8621276e-01
   414 :  8.2101344e-01  6.5044134e-02
   415 :  7.8474273e-01  3.3538377e-02
   416 :  5.1823637e-01  1.1831989e-01
   417 :  5.3708806e-01  2.1923689e-01
   418 :  4.9441259e-01  1.8870072e-01
   419 :  2.9072921e-01  2.7697989e-02
   420 :  3.1579683e-01  8.1352234e-01
   421 :  3.9915784e-01  9.4126364e-01
   422 :  1.4490503e-01  9.6536060e-01
   423 :  6.4222573e-01  1.0090427e-01
   424 :  6.5690980e-01  7.0186613e-02
   425 :  1.5232160e-01  2.1563771e-01
   426 :  7.7356695e-02  6.9182191e-02
   427 :  3.1416479e-02  5.3222516e-01
   428 :  3.2866737e-02  5.6770016e-01
   429 :  6.2762117e-02  5.2799116e-01
   430 :  2.9813428e-02  4.9774966e-01
   431 :  2.5762446e-01  3.5961757e-01
   432 :  8.9297418e-01  1.2625024e-01
   433 :  9.6431419e-01  1.2532569e-01
   434 :  8.9281820e-01  3.1758379e-02
   435 :  8.5716249e-01  9.5708589e-02
   436 :  8.2206034e-01  1.8950657e-01
   437 :  8.9302693e-01  1.5737237e-01
   438 :  1.8386524e-01  9.3175566e-01
   439 :  6.8241948e-02  5.9993388e-01
   440 :  3.4155348e-02  6.0368858e-01
   441 :  5.9665492e-01  1.2704990e-01
   442 :  2.4375506e-01  6.1204998e-01
   443 :  1.9309453e-01  5.0459873e-01
   444 :  2.2550477e-01  5.3925867e-01
   445 :  2.2285474e-01  5.0212587e-01
   446 :  6.0765315e-01  9.6634988e-02
   447 :  3.7387282e-01  1.0087424e-01
   448 :  2.6023708e-01  6.4818016e-01
   449 :  8.7847875e-02  2.5543565e-01
   450 :  5.5660434e-02  4.6502277e-01
   451 :  6.6212477e-02  4.0244061e-01
   452 :  3.0637222e-02  4.3163198e-01
   453 :  1.4700209e-01  9.3063925e-01
   454 :  4.6007924e-01  7.8206348e-01
   455 :  4.2495401e-01  7.8735634e-01
   456 :  4.3962446e-01  7.6961303e-01
   457 :  7.5133484e-02  8.5797178e-01
   458 :  2.4314884e-01  7.5684187e-01
   459 :  1.1300774e-01  8.5883349e-01
   460 :  7.2407730e-02  9.6466843e-01
   461 :  3.0106445e-01  8.2442284e-02
   462 :  4.6225074e-01  9.3416475e-02
   463 :  3.6825708e-01  7.5718267e-02
   464 :  1.1467847e-01  7.8578456e-01
   465 :  1.9533832e-01  7.8990599e-01
   466 :  2.9941402e-01  7.3896687e-01
   467 :  3.5055894e-01  7.3203638e-01
   468 :  5.4660925e-01  1.5511823e-01
   469 :  3.2579894e-01  2.6570657e-02
   470 :  5.4808357e-01  5.9266560e-02
   471 :  4.2538645e-01  1.4287189e-01
   472 :  1.0612349e-01  6.3338119e-01
   473 :  9.8581928e-02  5.5848886e-01
   474 :  1.0233463e-01  5.9571525e-01
   475 :  3.7121570e-02  8.9323503e-01
   476 :  1.4912040e-01  8.9567756e-01
   477 :  2.8685285e-01  7.7136632e-01
   478 :  2.7224381e-01  1.1332457e-01
   479 :  8.8905048e-02  1.7701880e-01
   480 :  1.8403516e-01  3.1241753e-02
   481 :  2.3377151e-01  2.5002821e-01
   482 :  9.0012909e-02  4.4366108e-01
   483 :  1.3263768e-01  4.1882546e-01
   484 :  2.2389094e-01  3.5469012e-01
   485 :  9.9365726e-02  4.0951780e-01
   486 :  7.1987656e-01  1.6424599e-01
   487 :  6.5710324e-01  1.6303951e-01
   488 :  6.8864027e-01  1.6517673e-01
   489 :  1.1276517e-01  7.0987573e-01
   490 :  1.0978030e-01  6.7147279e-01
   491 :  5.9572744e-01  3.1792885e-02
   492 :  3.9918563e-01  7.1862444e-02
   493 :  6.6899030e-01  3.5501978e-02
   494 :  7.6910656e-02  3.3072446e-01
   495 :  1.1513231e-01  3.3655754e-01
   496 :  2.8191199e-01  2.2605244e-01
   497 :  7.5020423e-01  9.0665798e-01
   498 :  7.1460131e-01  9.0687876e-01
   499 :  6.4342543e-01  9.3855918e-01
   500 :  8.2152017e-01  8.7518388e-01
   501 :  6.4362553e-01  8.4541975e-01
   502 :  5.1405473e-01  5.4858208e-02
   503 :  4.1367205e-01  8.3191852e-01
   504 :  7.5638783e-02  7.4849144e-01
   505 :  5.0479926e-01  8.5352180e-01
   506 :  5.3875332e-01  8.8060656e-01
   507 :  5.3868258e-01  8.5029995e-01
   508 :  2.5037758e-01  1.7112220e-01
   509 :  2.2563593e-01  5.9588505e-02
   510 :  4.3621355e-01  9.1317989e-01
   511 :  1.0864447e-01  9.6495746e-01
   512 :  4.2218097e-02  1.4178793e-01
   513 :  1.5118943e-01  8.6027698e-01
   514 :  2.2546757e-01  6.6004775e-01
   515 :  3.3819789e-01  8.7865732e-01
   516 :  1.1436760e-01  7.4815207e-01
   517 :  3.9059799e-01  8.0279290e-01
   518 :  7.4315932e-02  8.9374091e-01
   519 :  9.6429232e-01  8.1251310e-01
   520 :  5.0394113e-01  9.1186370e-01
   521 :  5.3836702e-01  9.1057346e-01
   522 :  7.8658237e-01  1.3002900e-01
   523 :  8.9289132e-01  9.4937457e-02
   524 :  2.6586041e-01  8.6996442e-01
   525 :  1.6025878e-01  4.6546936e-01
   526 :  1.6760727e-01  4.2364603e-01
   527 :  4.7187034e-01  8.3015415e-01
   528 :  4.7136974e-01  8.8453566e-01
   529 :  4.7221081e-01  8.5685625e-01
   530 :  9.6428900e-01  6.2736176e-02
   531 :  1.6985851e-01  5.8627304e-01
   532 :  3.3519939e-01  7.9262924e-02
   533 :  4.4170791e-01  1.0822127e-01
   534 :  4.4778945e-01  8.2911807e-02
   535 :  4.6994212e-01  9.1288678e-01
   536 :  5.7507246e-01  2.1937531e-01
   537 :  4.5066956e-01  6.6791675e-02
   538 :  3.4076541e-01  1.0563263e-01
   539 :  4.4349989e-01  8.1116433e-01
   540 :  2.2803067e-01  8.6580392e-01
   541 :  2.6651765e-01  8.5471391e-02
   542 :  3.8727654e-02  7.0453671e-02
   543 :  1.2427257e-01  2.9916119e-01
   544 :  8.9289338e-01  8.7507116e-01
   545 :  9.6429453e-01  9.0626699e-01
   546 :  9.2859089e-01  9.0628754e-01
   547 :  8.9288273e-01  8.1255058e-01
   548 :  5.7318375e-01  9.0937062e-01
   549 :  7.5015616e-01  9.3780741e-01
   550 :  3.2518479e-01  9.6920479e-01
   551 :  2.2064909e-01  9.3321038e-01
   552 :  9.2858613e-01  8.1252886e-01
   553 :  1.7807761e-01  1.6092699e-01
   554 :  4.3770518e-02  1.7821244e-01
   555 :  1.8986646e-01  6.2148058e-02
   556 :  2.3816083e-01  1.1728136e-01
   557 :  5.7273584e-01  9.3967148e-01
   558 :  1.7710603e-01  6.2515875e-01
   559 :  1.4168585e-01  6.2955618e-01
   560 :  2.6088321e-01  5.7298248e-02
   561 :  1.8889635e-01  3.4932024e-01
   562 :  1.6749035e-01  1.2924708e-01
   563 :  1.0708038e-01  3.7331568e-01
   564 :  2.8437035e-01  6.8423303e-01
   565 :  1.8592182e-01  6.6539647e-01
   566 :  1.2686687e-01  5.1310638e-01
   567 :  8.8376704e-02  4.8778895e-01
   568 :  9.4559045e-02  5.2200206e-01
   569 :  9.6428422e-01  3.1378720e-02
   570 :  7.8705314e-01  1.6041593e-01
   571 :  2.1224490e-01  1.5075073e-01
   572 :  1.9701234e-01  7.5066958e-01
   573 :  1.8962365e-01  8.6254149e-01
   574 :  3.2222104e-01  1.9429686e-01
   575 :  4.2700951e-01  2.3446372e-02
   576 :  2.4943677e-01  7.1026281e-01
   577 :  7.5237059e-01  1.9149212e-01
   578 :  8.2443548e-02  2.9359637e-01
   579 :  1.5327055e-01  6.4866989e-02
   580 :  1.6086519e-01  5.0783951e-01
   581 :  3.3664212e-01  7.5668269e-01
   582 :  4.8529286e-01  1.0623229e-01
   583 :  4.0442412e-02  1.0592740e-01
   584 :  3.2910130e-01  9.3864104e-01
   585 :  2.7131048e-01  8.3729772e-01
   586 :  3.7253550e-01  8.8210335e-01
   587 :  3.9610627e-01  4.8204993e-02
   588 :  5.8708026e-01  1.5760894e-01
   589 :  2.1986317e-01  2.9981136e-02
   590 :  2.3933299e-01  3.2126136e-01
   591 :  1.8116791e-01  9.6590638e-01
   592 :  3.9599719e-01  9.7050706e-01
   593 :  3.6041017e-01  2.5381598e-02
   594 :  4.4992194e-01  1.9742915e-01
   595 :  5.2498986e-01  2.7919716e-02
   596 :  2.3244820e-01  5.7586224e-01
   597 :  8.0874658e-02  1.0418292e-01
   598 :  4.6896841e-01  8.0490932e-01
   599 :  2.1738901e-01  9.6660465e-01
   600 :  1.4781759e-01  3.2521032e-02
   601 :  7.7712669e-02  4.6552516e-01
   602 :  2.4466263e-01  1.4486359e-01
   603 :  7.1452658e-01  9.3797023e-01
   604 :  4.2618067e-01  4.6364352e-02
   605 :  4.7394732e-01  7.2890232e-02
   606 :  3.8335011e-01  8.2774056e-01
   607 :  8.5718430e-01  9.3758115e-01
   608 :  4.2673760e-01  6.8254890e-02
   609 :  1.1016043e-01  9.2983523e-01
   610 :  1.3631643e-01  5.9106441e-01
   611 :  2.1721010e-01  2.1235341e-01
   612 :  8.9282659e-01  6.3428450e-02
   613 :  7.3384658e-02  9.2927655e-01
   614 :  3.7013307e-01  2.1683714e-01
   615 :  2.3167098e-01  4.2811387e-01
   616 :  6.9338626e-01  1.1908556e-01
   617 :  1.4737697e-01  6.6872565e-01
   618 :  2.5322064e-01  1.9634655e-01
   619 :  1.5961489e-01  9.7117057e-02
   620 :  2.9876188e-01  2.9677607e-01
   621 :  8.5719680e-01  9.0635653e-01
   622 :  5.3994766e-01  1.8765281e-01
   623 :  1.2098503e-01  1.0132405e-01
   624 :  7.1441598e-01  9.6900099e-01
   625 :  7.5008453e-01  9.6891482e-01
   626 :  7.8576897e-01  9.6885709e-01
   627 :  8.2146385e-01  9.6881894e-01
   628 :  8.5716538e-01  9.6879377e-01
   629 :  8.9287119e-01  9.6877703e-01
   630 :  9.2857961e-01  9.6876563e-01
   631 :  9.6428943e-01  9.6875718e-01
   632 :  7.8644278e-01  2.2024176e-01
   633 :  8.2180938e-01  2.1979755e-01
   634 :  8.5733884e-01  2.1945103e-01
   635 :  8.9295726e-01  2.1919677e-01
   636 :  9.2862107e-01  2.1901168e-01
   637 :  9.6430647e-01  2.1887051e-01
   638 :  3.6674209e-02  9.2888283e-01
   639 :  3.6196703e-02  9.6445726e-01
Number of edges 150
     0 :      0      8
     1 :      8     22
     2 :     22      9
     3 :      9     23
     4 :     23     10
     5 :     10     24
     6 :     24     11
     7 :     11     25
     8 :     25     12
     9 :     12     26
    10 :     26     13
    11 :     13     27
    12 :     27     14
    13 :     14     28
    14 :     28     15
    15 :     15     29
    16 :     29     16
    17 :     16     30
    18 :     30     17
    19 :     17     31
    20 :     31     18
    21 :     18     32
    22 :     32     19
    23 :     19     33
    24 :     33     20
    25 :     20     34
    26 :     34     21
    27 :     21      1
    28 :      2     35
    29 :     35     49
    30 :     49     36
    31 :     36     50
    32 :     50     37
    33 :     37     51
    34 :     51     38
    35 :     38     52
    36 :     52     39
    37 :     39     53
    38 :     53     40
    39 :     40     54
    40 :     54     41
    41 :     41     55
    42 :     55     42
    43 :     42     56
    44 :     56     43
    45 :     43     57
    46 :     57     44
    47 :     44     58
    48 :     58     45
    49 :     45     59
    50 :     59     46
    51 :     46     60
    52 :     60     47
    53 :     47     61
    54 :     61     48
    55 :     48      0
    56 :      3     62
    57 :     62     66
    58 :     66     63
    59 :     63     67
    60 :     67     64
    61 :     64     68
    62 :     68     65
    63 :     65      2
    64 :      3     69
    65 :     69     76
    66 :     76     70
    67 :     70     77
    68 :     77     71
    69 :     71     78
    70 :     78     72
    71 :     72     79
    72 :     79     73
    73 :     73     80
    74 :     80     74
    75 :     74     81
    76 :     81     75
    77 :     75      4
    78 :      4     82
    79 :     82     93
    80 :     93     83
    81 :     83     94
    82 :     94     84
    83 :     84     95
    84 :     95     85
    85 :     85     96
    86 :     96     86
    87 :     86     97
    88 :     97     87
    89 :     87     98
    90 :     98     88
    91 :     88     99
    92 :     99     89
    93 :     89    100
    94 :    100     90
    95 :     90    101
    96 :    101     91
    97 :     91    102
    98 :    102     92
    99 :     92      5
   100 :      5    103
   101 :    103    110
   102 :    110    104
   103 :    104    111
   104 :    111    105
   105 :    105    112
   106 :    112    106
   107 :    106    113
   108 :    113    107
   109 :    107    114
   110 :    114    108
   111 :    108    115
   112 :    115    109
   113 :    109      6
   114 :      7    116
   115 :    116    120
   116 :    120    117
   117 :    117    121
   118 :    121    118
   119 :    118    122
   120 :    122    119
   121 :    119      6
   122 :      1    123
   123 :    123    137
   124 :    137    124
   125 :    124    138
   126 :    138    125
   127 :    125    139
   128 :    139    126
   129 :    126    140
   130 :    140    127
   131 :    127    141
   132 :    141    128
   133 :    128    142
   134 :    142    129
   135 :    129    143
   136 :    143    130
   137 :    130    144
   138 :    144    131
   139 :    131    145
   140 :    145    132
   141 :    132    146
   142 :    146    133
   143 :    133    147
   144 :    147    134
   145 :    134    148
   146 :    148    135
   147 :    135    149
   148 :    149    136
   149 :    136      7
Number of quads 564
     0 :    479    554    512    354
     1 :    496    239    574    172
     2 :    139    126    274    589
     3 :    307    581    343    282
     4 :    475    230    457    518
     5 :    457    215    233    459
     6 :    504    196    489    516
     7 :    627    626    324    217
     8 :    630    629    331    250
     9 :    311    197    351    160
    10 :    373    189    376    191
    11 :    346    309     79     72
    12 :    325    497    186    218
    13 :    545    546    357    404
    14 :    404    357    374    188
    15 :    165    614    172    574
    16 :    417    536    110    103
    17 :    320    491    131    145
    18 :    587    316    575    604
    19 :    418    321    265    594
    20 :    315    487    151    163
    21 :    416    582    302    264
    22 :    423    446    252    424
    23 :    615     88     98    287
    24 :     98     87    445    287
    25 :    353    332     71     77
    26 :    371    506    507    372
    27 :     66    519    184     62
    28 :    249    367    312    309
    29 :    166    163    220    536
    30 :    321      5     92    265
    31 :    200    317    327    266
    32 :    461    223    171    532
    33 :    620     90    100    297
    34 :    100     89    431    297
    35 :    241    426    232    355
    36 :    358    501    216    367
    37 :    624    300    323    603
    38 :    332    345     78     71
    39 :    188    374    552    519
    40 :    203    356    198    471
    41 :    319    102     91    284
    42 :    223    419    469    171
    43 :    302    605    200    502
    44 :    151    337    338    326
    45 :    326    338    105    111
    46 :    338    336    112    105
    47 :    337    150    336    338
    48 :    195    340    341    339
    49 :    339    341     12     26
    50 :    341    306     25     12
    51 :    340    196    306    341
    52 :    176    291    617    565
    53 :    467     94     83    299
    54 :    576    564    348    466
    55 :    585    228    420    194
    56 :    185    373    191    330
    57 :    501    366    352    216
    58 :    190    557    548    360
    59 :    352    260    375    301
    60 :    576    176    565    514
    61 :     60    422    591     46
    62 :    576    514    448    564
    63 :    410     21      1    123
    64 :    361    271    304    611
    65 :    484    590    297    431
    66 :    369    621    310    544
    67 :    251    325    218    500
    68 :    375    413     75     81
    69 :    250    331    369    546
    70 :    512     33     20    583
    71 :    543    242    349    495
    72 :    623    241    579    619
    73 :    361    553    571    271
    74 :    538    532    463    447
    75 :    219    285    423    288
    76 :    211    210    582    416
    77 :    470    502    595    334
    78 :    331    607    621    369
    79 :    626    625    549    324
    80 :    217    324    325    251
    81 :    162    308    249    262
    82 :    357    544    403    374
    83 :    323    499    197    311
    84 :    263    187     70     76
    85 :    544    310    185    403
    86 :    168    362     30     17
    87 :    408    541    478    556
    88 :    364    296    350    590
    89 :    363    452    156    450
    90 :    452    365    451    156
    91 :    273    349    561    295
    92 :    603    323    311    498
    93 :    552    547    187    263
    94 :    187    353     77     70
    95 :    631    630    250    370
    96 :    546    369    544    357
    97 :    186    313    308    162
    98 :     62    184     69      3
    99 :     39     53    192    300
   100 :    301    375     81     74
   101 :     53     40    359    192
   102 :    345    346     72     78
   103 :    374    403    547    552
   104 :    548    521    506    371
   105 :    625    624    603    549
   106 :    499    190    360    197
   107 :    309    312     73     79
   108 :    226    577    224    570
   109 :    280    383    384    414
   110 :    278    434    135    149
   111 :    120    530    569    116
   112 :    522    395    182    383
   113 :    377    523    612    396
   114 :    380    314    146    133
   115 :    279    183    385    394
   116 :    119    637    387    122
   117 :    381    415    147    134
   118 :    224    486    202    395
   119 :    435    280    414    390
   120 :    394    385    280    435
   121 :    277    336    150    577
   122 :    122    387    209    118
   123 :    633    632    226    436
   124 :    117    388    530    120
   125 :    636    635    389    201
   126 :    434    386    148    135
   127 :    106    112    336    277
   128 :    405    305    584    550
   129 :    257    178    153    421
   130 :    388    377    396    530
   131 :    387    201    225    209
   132 :    437    279    394    432
   133 :    182    290    208    378
   134 :     56    399    400     42
   135 :     42    400    397     55
   136 :    400    398    159    397
   137 :    399    204    398    400
   138 :     55    397    402     41
   139 :     64    545    404     67
   140 :    547    330    353    187
   141 :    397    159    401    402
   142 :    497    498    313    186
   143 :    500    218    189    373
   144 :    184    263     76     69
   145 :    351    347    366    501
   146 :    639    638    613    460
   147 :    344    455    212    539
   148 :     44    550    222     57
   149 :    245    235    572    465
   150 :    247    227     31     18
   151 :    589    274    560    509
   152 :    579    600    480    555
   153 :    236     32     19    554
   154 :     52     39    300    624
   155 :     75    413    411      4
   156 :    413    412    207    411
   157 :    313    160    358    308
   158 :    414    384    415    381
   159 :    569    278    149    136
   160 :    390    414    381    386
   161 :    632    277    577    226
   162 :    266    327    129    143
   163 :    447    463    492    199
   164 :    595    266    143    130
   165 :    211    418    594    203
   166 :    495    563    275    494
   167 :    583     20     34    542
   168 :    230    177    215    457
   169 :     45    281    405     58
   170 :    281    283    305    405
   171 :    469    127    141    593
   172 :    462    534    537    605
   173 :    533    328    534    462
   174 :    199    492    608    328
   175 :    355    232    137    124
   176 :    248    179    242    543
   177 :    213    449    247    236
   178 :    213    236    554    479
   179 :    363    430     28     15
   180 :    427    429    158    428
   181 :    157    450    601    567
   182 :    363     15     29    452
   183 :    425    213    479    170
   184 :    425    170    553    361
   185 :    570    224    395    522
   186 :    389    379    279    437
   187 :    116    569    136      7
   188 :    612    390    386    434
   189 :    383    182    378    384
   190 :    436    226    570    183
   191 :    635    634    379    389
   192 :    382    432    523    377
   193 :    395    202    290    182
   194 :    385    522    383    280
   195 :    530    396    278    569
   196 :    637    636    201    387
   197 :    154    458    477    228
   198 :    158    439    440    428
   199 :    428    440     13     27
   200 :    440    339     26     13
   201 :    439    195    339    440
   202 :    203    594    164    356
   203 :    614    284    329    172
   204 :    491    334    144    131
   205 :    493    320    145    132
   206 :    596    444     97     86
   207 :    444    445     87     97
   208 :    596     86     96    442
   209 :    445    443    181    287
   210 :    458    576    466    477
   211 :    173    256    214    538
   212 :    582    462    605    302
   213 :    333    173    538    447
   214 :    471    198    333    303
   215 :     85    448    442     96
   216 :    610    474    473    193
   217 :    274    419    223    560
   218 :    296    481    167    350
   219 :    363    450    157    430
   220 :    427     14     28    430
   221 :    425    409    179    248
   222 :     29     16    365    452
   223 :     43    592    399     56
   224 :    524    585    194    407
   225 :    235    291    176    572
   226 :    511    609    453    422
   227 :    212    455    456    454
   228 :    454    456     82      4
   229 :    456    342     93     82
   230 :    455    175    342    456
   231 :    276    515    586    178
   232 :    516    489    291    235
   233 :    407    194    391    515
   234 :    609    267    476    453
   235 :    464    516    235    245
   236 :    515    391    406    586
   237 :    606    517    344    503
   238 :     11     25    306    268
   239 :    283    244    243    305
   240 :    517    175    455    344
   241 :     10     24    259    177
   242 :    468    255    441    588
   243 :    334    595    130    144
   244 :    328    608    537    534
   245 :    622    166    536    417
   246 :    228    477    307    420
   247 :    238    465    154    392
   248 :    152    504    516    464
   249 :    348     84     94    467
   250 :    492    587    604    608
   251 :    335    264    470    318
   252 :    593    141    128    316
   253 :    208    424    493    314
   254 :    195    439    474    472
   255 :    268    306    196    504
   256 :    564     95     84    348
   257 :    439    158    473    474
   258 :    453    476    229    438
   259 :    518    457    459    267
   260 :    267    459    513    476
   261 :    298    282    517    606
   262 :    295    561    484    155
   263 :    509    560    541    408
   264 :    354    512    583    597
   265 :    451    485    482    156
   266 :    485    483    169    482
   267 :    554     19     33    512
   268 :    150    337    488    486
   269 :    486    488    289    202
   270 :    488    487    219    289
   271 :    337    151    487    488
   272 :    196    340    490    489
   273 :    617    291    489    490
   274 :    340    195    472    490
   275 :    468    588    166    622
   276 :    210    533    462    582
   277 :    252    318    491    320
   278 :    211    203    471    210
   279 :    561    364    590    484
   280 :    563    485    451    275
   281 :    359    261    557    190
   282 :    308    358    367    249
   283 :    366    372    260    352
   284 :    218    186    162    189
   285 :     63    188    519     66
   286 :     54     41    402    261
   287 :    372    507    412    260
   288 :    557    401    521    548
   289 :    533    303    199    328
   290 :    446    335    318    252
   291 :    265     92    102    319
   292 :    198    254    173    333
   293 :    177    259    152    215
   294 :    299     83     93    342
   295 :    540    392    585    524
   296 :    259    268    504    152
   297 :    207    412    507    505
   298 :    505    507    506    161
   299 :    628    627    217    607
   300 :    370    250    546    545
   301 :    563    273    483    485
   302 :    179    409    481    296
   303 :    481    237    496    167
   304 :    240    556    602    571
   305 :    494    275    362    168
   306 :    590    350    620    297
   307 :    170    246    562    553
   308 :    422    453    438    591
   309 :    460    613    609    511
   310 :    215    152    464    233
   311 :    229    573    540    221
   312 :    578    494    168    227
   313 :    562    619    206    240
   314 :    425    361    611    409
   315 :    286    155    322    615
   316 :    193    473    568    566
   317 :      9     23    230    475
   318 :    503    344    539    231
   319 :    477    466    581    307
   320 :    178    586    234    153
   321 :    189    162    262    376
   322 :    368    301     74     80
   323 :    521    520    161    506
   324 :    401    159    520    521
   325 :    118    209    433    121
   326 :    378    208    314    380
   327 :    577    150    486    224
   328 :    415    380    133    147
   329 :     24     11    268    259
   330 :    465    572    458    154
   331 :    169    483    526    525
   332 :    525    526    286    181
   333 :    478    214    256    293
   334 :    425    248    449    213
   335 :    161    528    529    505
   336 :    505    529    527    207
   337 :    529    269    231    527
   338 :    528    205    269    529
   339 :    386    381    134    148
   340 :    634    633    436    379
   341 :    433    382    377    388
   342 :    209    225    382    433
   343 :    420    307    282    298
   344 :     48    639    460     61
   345 :    292    193    566    580
   346 :    165    574    174    254
   347 :    285    441    446    423
   348 :    356    164    614    165
   349 :    418    622    417    321
   350 :    159    398    535    520
   351 :    520    535    528    161
   352 :    535    510    205    528
   353 :    398    204    510    535
   354 :    532    171    253    463
   355 :    424    252    320    493
   356 :    220    326    111    104
   357 :    303    333    447    199
   358 :    258    245    465    238
   359 :    391    298    606    406
   360 :    221    540    524    244
   361 :    194    420    298    391
   362 :    597    583    542    426
   363 :    611    304    618    237
   364 :    167    496    172    329
   365 :    495    349    273    563
   366 :    324    549    497    325
   367 :    260    412    413    375
   368 :    261    402    401    557
   369 :    403    185    330    547
   370 :    347    371    372    366
   371 :     65    631    370     68
   372 :    498    311    160    313
   373 :    360    548    371    347
   374 :    191    376    345    332
   375 :    192    359    190    499
   376 :    160    351    501    358
   377 :    216    352    301    368
   378 :    153    234    205    510
   379 :    565    558    180    514
   380 :    599    551    283    281
   381 :    243    407    515    276
   382 :     67    404    188     63
   383 :    629    628    607    331
   384 :    197    360    347    351
   385 :    312    368     80     73
   386 :    275    451    365    362
   387 :    480    589    509    555
   388 :    232    410    123    137
   389 :    262    249    309    346
   390 :    367    216    368    312
   391 :    621    251    500    310
   392 :    607    217    251    621
   393 :    558    531    270    180
   394 :    272    443    445    444
   395 :    559    472    474    610
   396 :    602    293    294    508
   397 :    170    479    354    246
   398 :    248    543    578    449
   399 :    237    618    239    496
   400 :    513    258    238    573
   401 :    343    299    342    175
   402 :    270    272    444    596
   403 :    157    567    568    429
   404 :    429    568    473    158
   405 :    567    169    566    568
   406 :    432    394    435    523
   407 :    384    378    380    415
   408 :    183    570    522    385
   409 :    379    436    183    279
   410 :    362    365     16     30
   411 :    555    509    408    206
   412 :    438    229    221    551
   413 :    234    393    269    205
   414 :    282    343    175    517
   415 :    233    464    245    258
   416 :    315    285    219    487
   417 :    419    140    127    469
   418 :    254    174    256    173
   419 :    594    265    319    164
   420 :    531    610    193    292
   421 :    514    180    442    448
   422 :    222    257    421    592
   423 :    581    467    299    343
   424 :    201    389    437    225
   425 :    121    433    388    117
   426 :    113    106    277    632
   427 :    246    354    597    623
   428 :    409    611    237    481
   429 :    600    138    125    480
   430 :    227    168     17     31
   431 :    155    484    431    322
   432 :    483    273    295    526
   433 :    565    617    559    558
   434 :    443    580    525    181
   435 :    580    566    169    525
   436 :    592    421    204    399
   437 :    421    153    510    204
   438 :    466    348    467    581
   439 :    163    151    326    220
   440 :    253    593    316    587
   441 :    608    604    317    537
   442 :    553    562    240    571
   443 :    355    124    138    600
   444 :    236    247     18     32
   445 :    613    518    267    609
   446 :     57    222    592     43
   447 :     59    599    281     45
   448 :    210    471    303    533
   449 :    211    416    255    468
   450 :    463    253    587    492
   451 :    502    200    266    595
   452 :    426    542    410    232
   453 :    623    597    426    241
   454 :    349    242    364    561
   455 :    541    461    214    478
   456 :    586    406    393    234
   457 :    550    584    257    222
   458 :    536    220    104    110
   459 :    164    319    284    614
   460 :    316    128    142    575
   461 :    264    302    502    470
   462 :    214    461    532    538
   463 :    605    537    317    200
   464 :    588    315    163    166
   465 :    211    468    622    418
   466 :    558    559    610    531
   467 :    241    355    600    579
   468 :    542     34     21    410
   469 :    449    578    227    247
   470 :    212    454    598    539
   471 :    539    598    527    231
   472 :    598    411    207    527
   473 :    454      4    411    598
   474 :     61    460    511     47
   475 :     22      9    475    638
   476 :     47    511    422     60
   477 :    573    238    392    540
   478 :    393    503    231    269
   479 :    406    606    503    393
   480 :    305    243    276    584
   481 :    551    221    244    283
   482 :    242    179    296    364
   483 :    560    223    461    541
   484 :    156    482    601    450
   485 :    427    428     27     14
   486 :    427    430    157    429
   487 :    482    169    567    601
   488 :    508    294    239    618
   489 :    526    295    155    286
   490 :    543    495    494    578
   491 :    376    262    346    345
   492 :     40     54    261    359
   493 :    300    192    499    323
   494 :    575    142    129    327
   495 :    588    441    285    315
   496 :    318    470    334    491
   497 :    255    416    264    335
   498 :    284     91    101    329
   499 :    476    513    573    229
   500 :    392    154    228    585
   501 :    638    475    518    613
   502 :    519    552    263    184
   503 :    310    500    373    185
   504 :    321    417    103      5
   505 :    288    423    424    208
   506 :    171    469    593    253
   507 :    584    276    178    257
   508 :    459    233    258    513
   509 :     58    405    550     44
   510 :    180    270    596    442
   511 :    617    490    472    559
   512 :    322     99     88    615
   513 :    350    167    329    620
   514 :    571    602    508    271
   515 :    572    176    576    458
   516 :     46    591    599     59
   517 :    396    612    434    278
   518 :    523    435    390    612
   519 :    225    437    432    382
   520 :    244    524    407    243
   521 :     23     10    177    230
   522 :    314    493    132    146
   523 :    322    431     89     99
   524 :    206    408    556    240
   525 :    287    181    286    615
   526 :    208    290    616    288
   527 :    288    616    289    219
   528 :    290    202    289    616
   529 :    531    292    272    270
   530 :    292    580    443    272
   531 :    564    448     85     95
   532 :    556    478    293    602
   533 :    246    623    619    562
   534 :    619    579    555    206
   535 :    271    508    618    304
   536 :    293    256    174    294
   537 :    620    329    101     90
   538 :    294    174    574    239
   539 :    591    438    551    599
   540 :     68    370    545     64
   541 :    330    191    332    353
   542 :    549    603    498    497
   543 :    441    255    335    446
   544 :    356    165    254    198
   545 :    604    575    327    317
   546 :    126    140    419    274
   547 :    125    139    589    480
   548 :     38     52    624    625
   549 :     51     38    625    626
   550 :     37     51    626    627
   551 :     50     37    627    628
   552 :     36     50    628    629
   553 :     49     36    629    630
   554 :     35     49    630    631
   555 :      2     35    631     65
   556 :    107    113    632    633
   557 :    114    107    633    634
   558 :    108    114    634    635
   559 :    115    108    635    636
   560 :    109    115    636    637
   561 :      6    109    637    119
   562 :      8     22    638    639
   563 :      0      8    639     48
Number of domains 8
  Domain :      0
  Name : Symmetry
  Number of elements :     28
     0     1     2     3     4     5     6     7     8     9
    10    11    12    13    14    15    16    17    18    19
    20    21    22    23    24    25    26    27
  Domain :      1
  Name : Top
  Number of elements :     28
    28    29    30    31    32    33    34    35    36    37
    38    39    40    41    42    43    44    45    46    47
    48    49    50    51    52    53    54    55
  Domain :      2
  Name : Entity 2
  Number of elements :      8
    56    57    58    59    60    61    62    63
  Domain :      3
  Name : Entity 3
  Number of elements :     14
    64    65    66    67    68    69    70    71    72    73
    74    75    76    77
  Domain :      4
  Name : Entity 4
  Number of elements :     22
    78    79    80    81    82    83    84    85    86    87
    88    89    90    91    92    93    94    95    96    97
    98    99
  Domain :      5
  Name : Entity 5
  Number of elements :     14
   100   101   102   103   104   105   106   107   108   109
   110   111   112   113
  Domain :      6
  Name : Entity 6
  Number of elements :      8
   114   115   116   117   118   119   120   121
  Domain :      7
  Name : Bottom
  Number of elements :     28
   122   123   124   125   126   127   128   129   130   131
   132   133   134   135   136   137   138   139   140   141
   142   143   144   145   146   147   148   149
