-1.0127178e-06  0.0000000e+00
-6.0371827e-07  0.0000000e+00
-5.7857987e-07 -2.1295726e-06
 2.5512849e-07 -1.4973924e-06
 0.0000000e+00 -1.7638202e-05
 5.8844912e-07 -2.1278049e-06
 5.9738230e-07  0.0000000e+00
 1.0063188e-06  0.0000000e+00
-2.5715209e-07 -1.4971799e-06
 3.7168272e-07 -1.7374645e-06
-1.7510430e-07  0.0000000e+00
 2.2585348e-07  0.0000000e+00
-3.3876862e-07 -1.7270299e-06
 3.3046226e-07 -1.7341867e-06
-2.3141152e-07  0.0000000e+00
 1.6951731e-07  0.0000000e+00
-3.7508947e-07 -1.7385796e-06
 0.0000000e+00 -1.7671914e-05
 0.0000000e+00 -1.7654127e-05
 0.0000000e+00 -1.7620210e-05
-9.9335922e-07  0.0000000e+00
-9.7130647e-07  0.0000000e+00
-9.4597955e-07  0.0000000e+00
-9.1685715e-07  0.0000000e+00
-8.8325424e-07  0.0000000e+00
-8.4453456e-07  0.0000000e+00
-8.0096882e-07  0.0000000e+00
-7.5994664e-07  0.0000000e+00
-7.2234496e-07  0.0000000e+00
-6.8817996e-07  0.0000000e+00
-6.5709168e-07  0.0000000e+00
-6.2898014e-07  0.0000000e+00
-6.0397538e-07 -6.1294844e-08
-6.0447058e-07 -1.2978746e-07
-6.0436869e-07 -2.0618023e-07
-6.0313312e-07 -2.9103232e-07
-6.0005481e-07 -3.8497147e-07
-5.9391563e-07 -4.8873513e-07
-5.8369217e-07 -6.0246797e-07
-5.6761176e-07 -7.2657530e-07
-5.4400516e-07 -8.6020195e-07
-5.1174143e-07 -9.9684429e-07
-4.7355933e-07 -1.1257621e-06
-4.3113307e-07 -1.2458916e-06
-3.9062249e-07 -1.3501763e-06
-3.5663470e-07 -1.4377740e-06
-3.3188687e-07 -1.5140424e-06
-3.1899227e-07 -1.5843260e-06
-3.1894560e-07 -1.6549109e-06
-3.2588825e-07 -1.7324156e-06
-3.5403098e-07 -1.8279258e-06
-4.1374491e-07 -1.9433457e-06
 4.0847322e-08 -1.3413077e-06
-8.0696659e-08 -1.2451695e-06
-1.8081908e-07 -1.1794354e-06
-2.7355842e-07 -1.1269124e-06
-3.6404566e-07 -1.0821754e-06
-4.5144759e-07 -1.0399682e-06
-5.3480598e-07 -9.9607167e-07
-6.1332471e-07 -9.4386835e-07
-6.8793417e-07 -8.7946996e-07
-7.5637368e-07 -8.0201805e-07
-8.1517201e-07 -7.1657399e-07
-8.6610402e-07 -6.2271315e-07
-9.0678813e-07 -5.2885691e-07
-9.3818975e-07 -4.4090296e-07
-9.6205597e-07 -3.5917138e-07
-9.7980093e-07 -2.8383534e-07
-9.9275021e-07 -2.1503900e-07
-1.0020840e-06 -1.5279385e-07
-1.0080954e-06 -9.6330682e-08
-1.0114072e-06 -4.5572859e-08
 2.1334640e-07 -1.7582453e-05
 4.2101192e-07 -1.7426010e-05
 6.4230940e-07 -1.7129183e-05
 8.6666381e-07 -1.6665609e-05
 1.1013227e-06 -1.5980829e-05
 1.3170919e-06 -1.5046559e-05
 1.5182119e-06 -1.3799050e-05
 1.6852805e-06 -1.2188036e-05
 1.7879198e-06 -1.0386005e-05
 1.8006660e-06 -8.7197939e-06
 1.7439282e-06 -7.2399695e-06
 1.6309785e-06 -5.9566205e-06
 1.4784378e-06 -4.8886590e-06
 1.3019893e-06 -4.0125674e-06
 1.1009864e-06 -3.2987442e-06
 8.6944280e-07 -2.7079650e-06
 4.0621603e-07 -1.9386652e-06
 3.4632469e-07 -1.8166000e-06
 3.2408157e-07 -1.7274593e-06
 3.1492358e-07 -1.6511174e-06
 3.1367797e-07 -1.5827975e-06
 3.2827468e-07 -1.5124791e-06
 3.5308720e-07 -1.4359463e-06
 3.8587556e-07 -1.3484162e-06
 4.2606583e-07 -1.2444802e-06
 4.6822235e-07 -1.1244241e-06
 5.0629030e-07 -9.9613936e-07
 5.3804151e-07 -8.5987802e-07
 5.6176114e-07 -7.2588516e-07
 5.7766419e-07 -6.0209197e-07
 5.8789981e-07 -4.8842172e-07
 5.9379719e-07 -3.8489471e-07
 5.9690128e-07 -2.9077981e-07
 5.9801597e-07 -2.0597801e-07
 5.9805118e-07 -1.2972032e-07
 5.9762449e-07 -6.1268557e-08
 6.2262840e-07  0.0000000e+00
 6.5071142e-07  0.0000000e+00
 6.8175477e-07  0.0000000e+00
 7.1600967e-07  0.0000000e+00
 7.5363694e-07  0.0000000e+00
 7.9466259e-07  0.0000000e+00
 8.3804645e-07  0.0000000e+00
 8.7681241e-07  0.0000000e+00
 9.1035469e-07  0.0000000e+00
 9.3946869e-07  0.0000000e+00
 9.6486419e-07  0.0000000e+00
 9.8698190e-07  0.0000000e+00
 1.0050700e-06 -4.5687404e-08
 1.0017468e-06 -9.6448995e-08
 9.9560280e-07 -1.5286010e-07
 9.8652353e-07 -2.1534063e-07
 9.7350218e-07 -2.8417650e-07
 9.5557770e-07 -3.5946994e-07
 9.3197298e-07 -4.4143530e-07
 9.0112140e-07 -5.2974942e-07
 8.6030796e-07 -6.2362208e-07
 8.0950901e-07 -7.1732604e-07
 7.5121350e-07 -8.0298735e-07
 6.8286459e-07 -8.8061510e-07
 6.0848425e-07 -9.4512115e-07
 5.3060194e-07 -9.9713200e-07
 4.4821840e-07 -1.0412866e-06
 3.6097845e-07 -1.0833413e-06
 2.7165294e-07 -1.1284692e-06
 1.7795687e-07 -1.1799289e-06
 7.7379147e-08 -1.2453714e-06
-4.1247184e-08 -1.3406428e-06
-4.8476051e-07 -1.9176105e-06
-6.7207634e-07 -2.3314816e-06
-8.3206192e-07 -2.8410315e-06
-9.6715952e-07 -3.4661784e-06
-1.0748136e-06 -4.2263299e-06
-1.1418392e-06 -5.1247189e-06
-1.1609602e-06 -6.1508817e-06
-1.1185489e-06 -7.2771418e-06
-1.0021984e-06 -8.4455107e-06
-8.0071656e-07 -9.5005998e-06
-5.5855547e-07 -1.0288747e-05
-2.8639470e-07 -1.0795328e-05
-4.0827506e-09 -1.0986252e-05
 2.8107042e-07 -1.0855629e-05
 5.5609299e-07 -1.0408088e-05
 7.9822181e-07 -9.6654941e-06
 1.0028591e-06 -8.6660301e-06
 1.1318068e-06 -7.5368285e-06
 1.1874026e-06 -6.4344344e-06
 1.1833160e-06 -5.4182187e-06
 1.1269763e-06 -4.5201819e-06
 1.0305522e-06 -3.7571541e-06
 9.0802866e-07 -3.1243488e-06
 7.5963892e-07 -2.6004622e-06
 5.8654721e-07 -2.1699883e-06
 2.0132479e-07 -1.5842073e-06
 1.2707046e-07 -1.4881341e-06
 7.3561528e-08 -1.4174418e-06
 2.8009881e-08 -1.3579349e-06
-1.1238952e-08 -1.3039325e-06
-4.3594384e-08 -1.2502645e-06
-6.8646163e-08 -1.1918936e-06
-8.8122060e-08 -1.1236479e-06
-1.0346087e-07 -1.0414179e-06
-1.1499890e-07 -9.4482550e-07
-1.2451660e-07 -8.3989639e-07
-1.3323578e-07 -7.2720000e-07
-1.4130871e-07 -6.1581774e-07
-1.4855179e-07 -5.1199554e-07
-1.5493780e-07 -4.1613088e-07
-1.6065653e-07 -3.2840078e-07
-1.6558636e-07 -2.4849416e-07
-1.6948423e-07 -1.7626245e-07
-1.7247946e-07 -1.1109902e-07
-1.7434080e-07 -5.2521169e-08
-1.5318731e-07  0.0000000e+00
-1.2854448e-07  0.0000000e+00
-1.0082607e-07  0.0000000e+00
-6.9686163e-08  0.0000000e+00
-3.4822810e-08  0.0000000e+00
 4.3174295e-09  0.0000000e+00
 4.6958638e-08  0.0000000e+00
 8.6031903e-08  0.0000000e+00
 1.2083110e-07  0.0000000e+00
 1.5184393e-07  0.0000000e+00
 1.7947008e-07  0.0000000e+00
 2.0403191e-07  0.0000000e+00
 2.2507836e-07 -5.2285860e-08
 2.2320782e-07 -1.1060654e-07
 2.2012618e-07 -1.7543082e-07
 2.1607023e-07 -2.4724598e-07
 2.1095574e-07 -3.2675323e-07
 2.0480995e-07 -4.1401543e-07
 1.9778663e-07 -5.0934077e-07
 1.8985703e-07 -6.1260472e-07
 1.8069038e-07 -7.2335825e-07
 1.7051729e-07 -8.3542770e-07
 1.5959751e-07 -9.3963539e-07
 1.4632602e-07 -1.0354870e-06
 1.2973917e-07 -1.1174598e-06
 1.0800292e-07 -1.1848425e-06
 8.0763688e-08 -1.2430525e-06
 4.7058958e-08 -1.2966012e-06
 8.4254038e-09 -1.3507156e-06
-3.7396600e-08 -1.4088719e-06
-9.2949858e-08 -1.4784369e-06
-1.6867768e-07 -1.5745941e-06
-5.4552147e-07 -2.1559730e-06
-7.1420442e-07 -2.5798356e-06
-8.5991141e-07 -3.0960740e-06
-9.7714078e-07 -3.7122802e-06
-1.0683032e-06 -4.4618960e-06
-1.1180484e-06 -5.3367181e-06
-1.1193129e-06 -6.3197066e-06
-1.0569845e-06 -7.3812098e-06
-9.1865648e-07 -8.4550465e-06
-6.9111212e-07 -9.3793609e-06
-4.8036955e-07 -1.0082280e-05
-2.4606419e-07 -1.0500952e-05
-5.9329783e-09 -1.0643659e-05
 2.5181507e-07 -1.0500876e-05
 4.8338480e-07 -1.0075822e-05
 6.9067012e-07 -9.3722575e-06
 9.1982841e-07 -8.4480511e-06
 1.0524171e-06 -7.3701674e-06
 1.1156938e-06 -6.3143893e-06
 1.1171964e-06 -5.3307511e-06
 1.0663287e-06 -4.4537492e-06
 9.7706052e-07 -3.7098689e-06
 8.5893462e-07 -3.0878401e-06
 7.1538280e-07 -2.5704109e-06
 5.4423946e-07 -2.1387230e-06
 1.6800841e-07 -1.5781585e-06
 9.1322805e-08 -1.4800350e-06
 3.6549563e-08 -1.4087936e-06
-1.0451881e-08 -1.3486743e-06
-4.9412141e-08 -1.2942344e-06
-8.4233367e-08 -1.2410680e-06
-1.1137979e-07 -1.1833631e-06
-1.3302174e-07 -1.1158683e-06
-1.5056960e-07 -1.0344540e-06
-1.6416063e-07 -9.3876702e-07
-1.7545136e-07 -8.3467025e-07
-1.8569011e-07 -7.2278033e-07
-1.9497764e-07 -6.1215044e-07
-2.0310093e-07 -5.0901397e-07
-2.1011910e-07 -4.1377401e-07
-2.1630815e-07 -3.2648478e-07
-2.2152042e-07 -2.4711207e-07
-2.2566047e-07 -1.7523783e-07
-2.2867161e-07 -1.1039751e-07
-2.3062866e-07 -5.2204107e-08
-2.0962442e-07  0.0000000e+00
-1.8509317e-07  0.0000000e+00
-1.5746424e-07  0.0000000e+00
-1.2641283e-07  0.0000000e+00
-9.1629760e-08  0.0000000e+00
-5.2540114e-08  0.0000000e+00
-9.9013111e-09  0.0000000e+00
 2.9201421e-08  0.0000000e+00
 6.4080262e-08  0.0000000e+00
 9.5175120e-08  0.0000000e+00
 1.2291824e-07  0.0000000e+00
 1.4758783e-07  0.0000000e+00
 1.6876126e-07 -5.2575476e-08
 1.6694942e-07 -1.1122332e-07
 1.6397088e-07 -1.7640335e-07
 1.6011230e-07 -2.4865133e-07
 1.5528771e-07 -3.2861542e-07
 1.4957354e-07 -4.1642313e-07
 1.4319846e-07 -5.1239760e-07
 1.3619806e-07 -6.1638785e-07
 1.2840272e-07 -7.2796599e-07
 1.1973799e-07 -8.4059090e-07
 1.1049155e-07 -9.4547480e-07
 9.9184983e-08 -1.0423246e-06
 8.4891863e-08 -1.1248090e-06
 6.5195302e-08 -1.1927152e-06
 3.9819615e-08 -1.2513453e-06
 7.7320352e-09 -1.3052263e-06
-2.9488111e-08 -1.3596233e-06
-7.4130402e-08 -1.4180358e-06
-1.2892405e-07 -1.4878737e-06
-2.0433869e-07 -1.5846792e-06
-5.8789093e-07 -2.1725564e-06
-7.6235924e-07 -2.6028350e-06
-9.1014899e-07 -3.1262517e-06
-1.0335423e-06 -3.7602325e-06
-1.1296799e-06 -4.5237795e-06
-1.1857711e-06 -5.4217318e-06
-1.1906550e-06 -6.4394836e-06
-1.1352930e-06 -7.5437119e-06
-1.0075105e-06 -8.6741461e-06
-8.0624782e-07 -9.6771095e-06
-5.5557397e-07 -1.0420647e-05
-2.8002122e-07 -1.0866345e-05
 3.9522850e-09 -1.0995656e-05
 2.8594402e-07 -1.0803641e-05
 5.5795862e-07 -1.0295871e-05
 8.0001353e-07 -9.5065704e-06
 1.0013969e-06 -8.4504129e-06
 1.1176146e-06 -7.2811402e-06
 1.1602100e-06 -6.1540652e-06
 1.1409529e-06 -5.1271840e-06
 1.0738389e-06 -4.2283165e-06
 9.6619062e-07 -3.4677417e-06
 8.3208915e-07 -2.8424385e-06
 6.7178823e-07 -2.3315018e-06
 4.8465160e-07 -1.9164573e-06
-8.6889645e-07 -2.6930191e-06
-1.0979544e-06 -3.2885338e-06
-1.3065005e-06 -4.0107980e-06
-1.4835407e-06 -4.8821264e-06
-1.6366957e-06 -5.9608268e-06
-1.7508533e-06 -7.2425758e-06
-1.8065858e-06 -8.7291374e-06
-1.7925605e-06 -1.0407654e-05
-1.6918547e-06 -1.2213964e-05
-1.5298729e-06 -1.3828657e-05
-1.3206177e-06 -1.5077607e-05
-1.0999194e-06 -1.6023899e-05
-8.6473313e-07 -1.6703472e-05
-6.3955467e-07 -1.7164921e-05
-4.1951518e-07 -1.7459983e-05
-2.1265422e-07 -1.7616294e-05
 0.0000000e+00 -1.7723243e-05
 0.0000000e+00 -1.7750380e-05
 0.0000000e+00 -1.7756021e-05
 0.0000000e+00 -1.7745041e-05
 0.0000000e+00 -1.7712683e-05
 2.3949220e-07 -1.7595572e-05
 4.7298973e-07 -1.7430854e-05
 7.1846176e-07 -1.7119400e-05
 9.7934194e-07 -1.6635985e-05
 1.2468529e-06 -1.5921132e-05
 1.5024414e-06 -1.4930210e-05
 1.7490082e-06 -1.3606045e-05
 1.9674960e-06 -1.1902205e-05
 2.0909065e-06 -9.9715806e-06
 2.1203550e-06 -8.1845337e-06
 2.0636534e-06 -6.5902855e-06
 1.9338337e-06 -5.2121360e-06
 1.7302123e-06 -4.0581835e-06
 1.4711877e-06 -3.1421591e-06
 1.1761834e-06 -2.4583903e-06
 8.6240159e-07 -1.9785044e-06
 5.9223237e-07 -1.6792761e-06
 3.7222331e-07 -1.4891134e-06
 1.9920127e-07 -1.3657122e-06
 3.4390678e-08 -1.2885252e-06
-1.2101017e-07 -1.2597999e-06
-2.8694223e-07 -1.2949204e-06
-4.9012157e-07 -1.4093769e-06
-7.3028899e-07 -1.6368074e-06
-9.8113725e-07 -2.0453668e-06
-1.1901349e-06 -2.6257644e-06
-1.3564226e-06 -3.3811375e-06
-1.4580426e-06 -4.3017078e-06
-1.4892144e-06 -5.3607554e-06
-1.4513555e-06 -6.5419664e-06
-1.3282995e-06 -7.7890208e-06
-1.1194762e-06 -8.9664516e-06
-8.7481333e-07 -9.9140228e-06
-5.5515471e-07 -1.0586929e-05
-2.1442525e-07 -1.0931293e-05
 1.3285503e-07 -1.0946362e-05
 4.7177417e-07 -1.0627042e-05
 7.8463063e-07 -9.9906286e-06
 1.0541551e-06 -9.0681848e-06
 1.2643026e-06 -7.9147048e-06
 1.3893095e-06 -6.6992689e-06
 1.4303730e-06 -5.5449462e-06
 1.3998733e-06 -4.4982245e-06
 1.3050674e-06 -3.5908495e-06
 1.1528366e-06 -2.8377792e-06
 9.4934079e-07 -2.2479594e-06
 7.2617418e-07 -1.8295031e-06
 5.0504251e-07 -1.5663328e-06
 3.1233938e-07 -1.4076095e-06
 1.5904544e-07 -1.3306830e-06
 2.0236430e-08 -1.2961974e-06
-1.1680623e-07 -1.3060407e-06
-2.6039349e-07 -1.3605929e-06
-4.2683155e-07 -1.4773302e-06
-6.4021950e-07 -1.6744870e-06
-8.6744142e-07 -2.0231138e-06
-1.0730415e-06 -2.5240275e-06
-1.2443408e-06 -3.1917686e-06
-1.3616836e-06 -4.0141905e-06
-1.4108498e-06 -4.9727685e-06
-1.3916146e-06 -6.0505475e-06
-1.2917750e-06 -7.2015561e-06
-1.1018848e-06 -8.3448101e-06
-8.5101587e-07 -9.3108522e-06
-5.9122216e-07 -1.0038635e-05
-3.0166778e-07 -1.0473917e-05
-9.4075425e-09 -1.0623403e-05
 3.0166042e-07 -1.0478591e-05
 5.8907560e-07 -1.0043769e-05
 8.4550881e-07 -9.3182150e-06
 1.1031458e-06 -8.3553612e-06
 1.2931445e-06 -7.2076047e-06
 1.3900856e-06 -6.0561574e-06
 1.4092911e-06 -4.9797321e-06
 1.3596043e-06 -4.0190870e-06
 1.2451301e-06 -3.1969564e-06
 1.0741230e-06 -2.5300439e-06
 8.5867223e-07 -2.0259796e-06
 6.3786678e-07 -1.6808296e-06
 4.3385349e-07 -1.4834631e-06
 2.6353253e-07 -1.3622835e-06
 1.1960041e-07 -1.3073827e-06
-1.6064251e-08 -1.2951449e-06
-1.6296144e-07 -1.3280648e-06
-3.1741442e-07 -1.4061145e-06
-5.0771668e-07 -1.5667561e-06
-7.2750452e-07 -1.8272898e-06
-9.5086450e-07 -2.2459349e-06
-1.1541334e-06 -2.8357048e-06
-1.3061920e-06 -3.5881233e-06
-1.4006029e-06 -4.4950163e-06
-1.4300546e-06 -5.5411396e-06
-1.3888336e-06 -6.6930450e-06
-1.2641561e-06 -7.9071191e-06
-1.0554145e-06 -9.0582852e-06
-7.8626369e-07 -9.9789930e-06
-4.7291683e-07 -1.0616285e-05
-1.3532882e-07 -1.0935818e-05
 2.1136772e-07 -1.0922104e-05
 5.5205661e-07 -1.0579140e-05
 8.7177804e-07 -9.9074612e-06
 1.1164946e-06 -8.9610227e-06
 1.3253640e-06 -7.7847027e-06
 1.4485913e-06 -6.5384415e-06
 1.4865939e-06 -5.3582044e-06
 1.4553577e-06 -4.2996643e-06
 1.3537517e-06 -3.3797298e-06
 1.1870048e-06 -2.6249153e-06
 9.7822482e-07 -2.0454034e-06
 7.2772479e-07 -1.6374442e-06
 4.8763133e-07 -1.4103313e-06
 2.8429585e-07 -1.2966395e-06
 1.1825614e-07 -1.2619942e-06
-3.7925056e-08 -1.2864946e-06
-2.0216040e-07 -1.3626196e-06
-3.8242088e-07 -1.4888821e-06
-5.9885145e-07 -1.6838182e-06
-8.6638513e-07 -1.9787842e-06
-1.1644144e-06 -2.4601169e-06
-1.4709265e-06 -3.1481947e-06
-1.7298453e-06 -4.0682948e-06
-1.9194145e-06 -5.2151735e-06
-2.0535587e-06 -6.5861953e-06
-2.1068170e-06 -8.1752855e-06
-2.0808209e-06 -9.9567574e-06
-1.9532291e-06 -1.1869983e-05
-1.7472206e-06 -1.3571956e-05
-1.5011389e-06 -1.4900338e-05
-1.2501748e-06 -1.5886050e-05
-9.8182985e-07 -1.6600386e-05
-7.1998448e-07 -1.7084769e-05
-4.7402410e-07 -1.7396557e-05
-2.4004369e-07 -1.7561486e-05
 0.0000000e+00 -1.7678947e-05
 0.0000000e+00 -1.7711359e-05
 0.0000000e+00 -1.7722621e-05
 0.0000000e+00 -1.7716899e-05
 0.0000000e+00 -1.7689592e-05
 2.0906988e-07 -1.2120829e-06
-3.5266965e-07 -1.6785255e-06
-3.2645112e-08 -1.4004729e-06
-7.0045579e-08 -1.4085099e-06
-1.1646493e-07 -1.2629275e-06
 7.5423627e-08 -1.4512699e-06
 3.6073828e-07 -1.7704748e-06
 1.2153378e-07 -1.4693370e-06
-1.3984231e-07 -1.4033775e-06
-2.4702006e-07 -1.6083369e-06
-4.9230550e-07 -1.9494857e-06
-2.8283007e-07 -1.6174622e-06
 3.4626187e-07 -1.5216928e-06
-1.0021020e-08 -1.2957471e-06
-4.9860076e-08 -1.2877298e-06
-3.9640951e-07 -1.1219064e-06
 8.1721341e-07 -8.1015872e-08
 2.6926496e-08 -7.9539382e-08
-2.9746282e-08 -7.9740829e-08
-8.2238211e-07 -7.0855624e-08
 3.2360328e-08 -1.2405253e-06
-3.6969905e-07 -1.4516263e-06
 4.7265380e-07 -1.0823147e-06
 7.4307060e-08 -1.2338565e-06
 3.4035427e-08 -1.2612405e-06
 9.1492703e-07 -4.1971213e-07
-6.2856619e-07 -5.3666347e-07
 1.6860138e-07 -4.6794640e-07
 1.1248994e-07 -4.7018704e-07
 6.2248445e-07 -5.3637785e-07
-9.1997109e-07 -4.2158639e-07
-1.1813307e-07 -4.6900702e-07
-1.7319668e-07 -4.6682613e-07
-4.5906354e-08 -1.2739345e-06
 3.8201843e-08 -1.2753510e-06
-3.4932597e-08 -1.2584420e-06
-6.2717653e-07 -9.7518570e-07
-1.1426167e-07 -1.0891110e-06
 4.4178167e-07 -1.2640809e-06
-6.8032740e-08 -1.0946380e-06
 5.7909599e-07 -8.9532225e-07
-8.8401707e-08 -7.9137747e-07
-1.4170556e-07 -7.8811650e-07
-7.9915720e-07 -7.2581123e-07
-1.3544650e-07 -1.3145841e-06
-1.5159536e-07 -1.2167079e-06
-9.3082970e-07 -5.5704576e-08
-1.4274572e-07 -5.7704865e-08
 7.9400600e-08 -6.0388553e-08
 6.9762051e-07 -6.3699305e-08
 1.3609668e-07 -6.0229996e-08
-8.6156533e-08 -5.7734697e-08
 9.2570457e-07 -5.7393795e-08
-7.0507238e-07 -6.6328976e-08
 1.2956494e-07 -2.8403066e-07
 9.5440139e-07 -2.6180696e-07
 1.8510484e-07 -2.8224867e-07
-9.6073390e-07 -2.6166229e-07
-1.9410941e-07 -2.7958313e-07
-6.3582149e-07 -3.3500089e-07
 6.2642623e-07 -3.2274130e-07
-1.3204433e-07 -2.8860627e-07
 6.8969245e-07 -8.9850617e-07
 1.1651696e-07 -1.0077539e-06
-4.9102057e-07 -1.1571981e-06
 7.0331665e-08 -1.0073494e-06
-6.0841345e-07 -7.7137698e-07
 9.2634771e-08 -6.8393504e-07
 8.4740276e-07 -6.1207311e-07
 1.4510957e-07 -6.7602808e-07
-2.7703656e-07 -1.5125768e-06
 1.3886268e-07 -1.3167705e-06
-2.2608495e-07 -1.3690274e-06
 1.4996182e-07 -1.2188482e-06
 4.8319422e-07 -1.9440889e-06
 1.3734848e-07 -1.4034503e-06
 2.7882205e-07 -1.6167291e-06
 2.4018116e-07 -1.6029832e-06
 3.2321527e-07 -1.5230277e-06
-2.1580014e-07 -1.6113830e-06
-1.8615986e-07 -1.5216437e-06
-2.4977548e-07 -1.6198630e-06
-2.2051173e-07 -1.5283023e-06
 2.4673503e-07 -1.6192745e-06
 2.1653786e-07 -1.5277195e-06
-1.4399439e-07 -1.4042638e-06
-9.0604203e-08 -1.3408330e-06
 1.4247168e-07 -1.4043625e-06
 8.8739803e-08 -1.3404548e-06
 4.0894089e-07 -1.9454402e-06
 3.8875935e-07 -1.8015561e-06
-1.2143702e-08 -1.7737200e-05
 1.2254129e-08 -1.7703789e-05
-4.4611561e-07 -2.3919473e-06
 2.4507744e-07 -1.8537818e-06
-3.8138447e-07 -2.3390273e-06
 3.7899812e-07 -2.3370399e-06
-3.0308589e-07 -2.0808248e-06
 3.0781855e-07 -2.0735863e-06
-3.4007362e-07 -2.3440707e-06
 5.8494568e-07 -2.9395381e-06
-1.1070176e-07 -1.5149309e-06
-1.1305624e-07 -1.4326414e-06
-1.5238197e-07 -1.4521382e-06
-9.7115840e-08 -1.3759654e-06
-1.0535134e-07 -1.3879665e-06
-6.8168623e-08 -1.3336520e-06
-6.5391763e-08 -1.3479815e-06
-3.5027392e-08 -1.3090588e-06
-2.8586859e-08 -1.3219471e-06
-1.3109194e-09 -1.3013505e-06
 2.6067200e-09 -1.3095258e-06
 2.8997207e-08 -1.3072745e-06
 2.4408039e-08 -1.3063538e-06
 4.9406741e-08 -1.3204559e-06
 3.3300865e-08 -1.3059818e-06
 1.9790397e-08 -1.2895978e-06
 3.4260587e-08 -1.2966488e-06
 1.9295030e-08 -1.2769777e-06
 1.9004951e-08 -1.2564200e-06
-1.5646777e-08 -1.3220174e-06
-6.1116203e-08 -1.6406050e-06
 4.1633919e-07 -2.7798762e-06
-7.3545285e-07 -3.5970727e-06
-3.5044902e-07 -1.7319340e-05
 3.4977985e-07 -1.7353824e-05
-1.4273609e-07 -1.5202638e-06
-1.4660861e-07 -1.4393191e-06
-1.8686320e-07 -1.4589679e-06
-1.2865686e-07 -1.3791727e-06
-1.4043666e-07 -1.3930806e-06
-1.0217307e-07 -1.3365589e-06
-1.0152760e-07 -1.3522165e-06
-7.0007683e-08 -1.3119538e-06
-6.5345821e-08 -1.3252133e-06
-3.6642259e-08 -1.3034055e-06
-3.5153764e-08 -1.3112788e-06
-7.5118642e-09 -1.3069896e-06
-1.4340463e-08 -1.3061522e-06
 1.0981996e-08 -1.3172320e-06
 2.6007015e-08 -1.3162534e-06
-5.5478500e-09 -1.3045798e-06
-2.0234476e-08 -1.2900478e-06
-2.1154705e-08 -1.2761747e-06
-2.2571820e-08 -1.2573682e-06
-5.3877080e-08 -1.3254286e-06
-9.1578870e-08 -1.6491299e-06
 4.5031070e-08 -1.3441388e-06
 6.3145500e-08 -1.3395916e-06
 3.1178322e-08 -1.3027273e-06
 6.0741776e-08 -1.3261074e-06
 1.3959673e-07 -1.5198423e-06
 1.4085777e-07 -1.4374110e-06
 9.0164884e-08 -1.6475774e-06
-4.9834054e-08 -1.3286364e-06
-3.0309901e-08 -1.2802392e-06
-2.0991206e-08 -1.3030831e-06
 1.5087113e-08 -1.2566875e-06
 5.4130550e-08 -1.2752535e-06
 6.9779414e-08 -1.2506192e-06
 1.2500761e-07 -1.2704047e-06
 1.3569711e-07 -1.2656556e-06
 1.9585234e-07 -1.2828137e-06
 2.0537993e-07 -1.3000756e-06
 2.6059052e-07 -1.3106400e-06
 2.7055257e-07 -1.3479154e-06
 3.1509405e-07 -1.3479417e-06
 3.2200146e-07 -1.4028059e-06
 3.5390225e-07 -1.3889922e-06
 3.6047621e-07 -1.3288420e-06
 2.8691498e-07 -1.4005525e-06
 3.9038068e-07 -1.3578769e-06
 4.0970019e-07 -1.2918907e-06
 2.6474525e-07 -1.2819867e-06
-1.8229193e-08 -1.4295251e-06
 3.3572706e-07 -1.4704930e-06
 3.0665337e-07 -1.4694585e-06
 2.3749481e-07 -1.3844768e-06
 4.7992009e-08 -1.3277011e-06
 2.5391305e-08 -1.2789583e-06
 1.6740741e-08 -1.4289261e-06
 4.2889160e-07 -1.3095852e-06
 4.6029701e-07 -1.2397843e-06
 1.8544826e-07 -1.4581316e-06
 1.2758678e-07 -1.3785572e-06
-3.2286591e-08 -1.2325344e-06
-2.2981042e-08 -1.2089632e-06
 2.4791901e-07 -1.4534436e-06
 2.1863156e-08 -1.2978113e-06
-1.8124029e-08 -1.2545456e-06
-5.4698165e-08 -1.2751083e-06
-7.3402041e-08 -1.2496416e-06
-1.2938821e-07 -1.2692777e-06
-1.3996240e-07 -1.2654041e-06
-2.0096664e-07 -1.2825339e-06
-2.0982714e-07 -1.3008211e-06
-2.6717278e-07 -1.3118393e-06
-2.7572733e-07 -1.3502907e-06
-3.2233256e-07 -1.3511632e-06
-3.2561171e-07 -1.3039284e-06
-3.6932477e-07 -1.3342284e-06
-3.8667065e-07 -1.2759950e-06
-4.1745132e-07 -1.2987175e-06
-2.2399759e-07 -1.3338284e-06
-2.9075907e-07 -1.4049723e-06
-3.5995845e-07 -1.3954135e-06
-2.3600385e-07 -1.3862411e-06
-3.1150347e-07 -1.4777541e-06
-4.4789970e-07 -1.2309793e-06
-4.6624715e-07 -1.2466161e-06
 9.9899600e-09 -1.2331055e-06
 2.0323526e-08 -1.2079114e-06
 6.7885605e-07 -4.3100173e-06
-3.5618304e-07 -3.2711617e-06
-2.0759838e-07 -1.2696650e-06
-2.4603396e-07 -1.4566819e-06
 4.2264224e-07 -3.1094869e-06
-4.3323735e-07 -3.1120461e-06
 4.8566097e-07 -3.3990187e-06
-4.8778857e-07 -3.4011988e-06
-3.0224448e-08 -1.3499888e-06
-5.7835923e-08 -1.2892055e-06
 9.2501723e-08 -1.2386600e-06
 2.5243585e-07 -1.7931130e-06
 1.6445024e-07 -1.9806104e-06
 1.4098809e-07 -1.3943575e-06
-6.2977927e-07 -1.6675083e-07
-2.0422373e-07 -1.4016667e-07
-1.4608549e-07 -1.4950416e-07
 1.4230527e-07 -1.4983957e-07
 6.2531577e-07 -1.6200088e-07
-9.8262747e-07 -1.3151929e-07
 9.8034428e-07 -1.2870376e-07
 1.9848654e-07 -1.4910048e-07
-9.5059884e-08 -1.2378258e-06
 5.4441370e-08 -1.3329412e-06
 2.2756720e-07 -1.6355383e-06
 6.1667204e-08 -1.7236740e-06
 4.6088435e-08 -2.0144087e-06
 9.3371736e-08 -1.5420654e-06
-4.0291164e-07 -2.0279316e-06
-3.7123603e-07 -1.8339982e-06
-1.8738377e-07 -1.8655926e-06
-5.0514124e-07 -1.1750317e-06
-5.1708026e-07 -1.1789690e-06
-4.8183500e-07 -1.1687885e-06
 2.9170359e-08 -1.2386748e-06
 3.9940193e-08 -1.1789046e-06
 2.2320901e-08 -1.1444211e-06
 4.7300585e-07 -1.2444939e-06
 5.1554710e-07 -1.1700660e-06
 5.2060110e-07 -1.1671698e-06
 5.6997211e-07 -1.0889600e-06
 5.6680050e-07 -1.0806022e-06
 6.2171869e-07 -9.9738519e-07
 4.3870046e-07 -1.2231059e-06
-7.3829301e-07 -5.4072667e-06
-4.7204948e-07 -1.2575871e-06
-1.3157602e-08 -1.2412401e-06
-4.2591837e-09 -1.1814714e-06
-2.2816161e-08 -1.1455578e-06
-4.1956927e-07 -1.7847395e-06
 4.9874286e-07 -4.0618582e-06
 1.0654537e-07 -1.3886760e-06
-5.6394938e-07 -1.1020595e-06
-5.6922742e-07 -1.0967122e-06
-6.2386663e-07 -1.0123878e-06
-6.1936449e-07 -1.0030573e-06
-4.2926577e-07 -1.6444943e-05
 4.3225754e-07 -1.6405394e-05
 4.6919193e-08 -1.5209420e-06
-2.8046649e-08 -1.2891777e-06
-8.0670482e-08 -1.3299613e-06
 7.8513206e-08 -1.3314332e-06
 1.9797852e-08 -1.5260875e-06
-1.9388275e-08 -1.5252187e-06
 7.2248301e-07 -2.6342845e-06
 5.3352084e-07 -4.9176732e-06
-4.8536958e-07 -4.9547986e-06
 6.1359248e-07 -9.7954731e-07
 6.6985103e-07 -8.9722513e-07
 3.5463422e-07 -1.5552465e-06
 3.6064558e-07 -1.5334384e-06
 1.5226626e-07 -1.3573996e-06
 5.8425293e-07 -2.2022743e-06
-4.2266951e-07 -4.6514958e-06
 4.2129707e-07 -4.6537614e-06
-6.2043223e-07 -2.1990452e-06
 6.1821112e-07 -2.1987273e-06
 1.4716991e-08 -1.2815445e-06
-2.0242366e-07 -1.6907662e-06
-6.0102880e-07 -2.4924516e-06
 5.9937525e-07 -2.4942975e-06
-9.6225366e-07 -5.8454665e-06
-2.9048560e-07 -1.7395070e-05
 2.9019313e-07 -1.7356127e-05
 6.5676387e-07 -8.7222121e-07
 7.1220029e-07 -7.9302157e-07
 6.9541607e-07 -7.6160477e-07
 7.4841206e-07 -6.8674213e-07
 7.2805762e-07 -6.5185634e-07
 7.7655130e-07 -5.8432480e-07
 7.5322825e-07 -5.4541515e-07
 7.9926957e-07 -4.8408859e-07
 7.7332419e-07 -4.4309336e-07
 8.1655088e-07 -3.8650265e-07
 7.8832004e-07 -3.4317116e-07
 7.4544524e-07 -3.9644819e-07
 7.5727888e-07 -2.9758994e-07
 8.3071968e-07 -2.9477864e-07
 8.5736540e-07 -3.3182531e-07
 8.7020518e-07 -2.4680562e-07
 7.0178069e-07 -6.0142253e-07
-7.8017983e-07 -2.7192800e-06
 1.8731083e-07 -1.5250432e-06
 9.7290753e-08 -1.4369312e-06
-1.6267571e-07 -2.2055427e-06
 1.0784422e-07 -2.0191178e-06
-4.8709715e-07 -4.8184766e-06
-9.4475862e-08 -1.6075615e-06
-1.5010362e-07 -1.3601230e-06
 4.4028832e-07 -1.3091697e-06
-3.5916703e-08 -1.2607120e-06
 4.8515001e-09 -1.2634811e-06
 3.5627322e-09 -1.8022528e-06
 7.1659205e-08 -1.6462748e-06
-6.7637309e-07 -9.1827850e-07
-6.6537478e-07 -9.0207715e-07
 5.5835736e-07 -1.0971998e-06
 7.1564881e-07 -3.4769216e-07
 7.2472113e-07 -2.5100373e-07
 8.2631849e-07 -5.1667341e-07
-6.4948371e-07 -2.7803657e-06
 4.8003590e-08 -1.1122866e-06
 2.4295423e-08 -1.0699804e-06
 6.5306087e-08 -1.1526536e-06
 7.2735445e-07 -8.1528393e-07
 2.5389743e-09 -1.1109523e-06
-2.2581867e-08 -1.0691089e-06
 1.9044523e-08 -1.1584347e-06
-3.3956383e-07 -1.4788038e-06
-3.5714618e-07 -1.5684493e-06
-3.6488440e-07 -1.5446066e-06
 1.3023925e-07 -1.2755275e-06
 3.7557445e-07 -1.4344546e-06
-1.1582255e-07 -1.3949292e-06
-7.8856092e-08 -1.3891000e-06
 1.0203813e-07 -1.3394920e-06
 6.7023856e-08 -1.3157229e-06
-5.2536639e-08 -1.2003550e-06
-1.8266607e-07 -1.7199885e-06
 1.8082249e-07 -1.7212810e-06
-6.7077696e-07 -4.0158209e-06
 6.7451210e-07 -4.0349732e-06
-9.3388469e-09 -1.2026605e-06
 1.8086286e-07 -1.4838392e-06
-1.8277263e-07 -1.4830170e-06
-1.1814913e-07 -1.4324395e-06
 6.7418850e-08 -1.7713227e-05
-6.7482880e-08 -1.7679456e-05
 8.9001609e-07 -7.3863127e-06
-6.8630603e-08 -1.3578620e-06
 1.5092891e-08 -1.3043323e-06
-5.8145874e-07 -5.4682321e-06
 2.9114951e-08 -1.2337788e-06
 7.9025760e-07 -7.7317957e-06
-1.5457453e-09 -1.1065502e-06
-5.3050799e-09 -1.0234763e-06
 2.8203394e-08 -9.8226408e-07
-5.4987866e-09 -9.2642848e-07
 3.1984036e-08 -8.8378119e-07
-3.1959613e-09 -8.3206808e-07
 3.4282085e-08 -7.8605238e-07
 6.1645773e-10 -7.2984725e-07
 3.6489495e-08 -6.8398988e-07
 4.1747845e-09 -6.2836691e-07
 4.0844237e-08 -5.8276445e-07
 7.0427400e-09 -5.2791469e-07
 4.4146243e-08 -4.8387399e-07
 1.0247663e-08 -4.3037546e-07
 4.6738786e-08 -3.8706428e-07
 1.2736761e-08 -3.3427079e-07
-2.3563339e-08 -3.7493056e-07
-2.1849421e-08 -2.8244461e-07
 5.0693230e-08 -2.9627547e-07
 8.2626232e-08 -3.4251692e-07
 8.7288417e-08 -2.5573084e-07
-3.1156020e-08 -5.7274280e-07
 8.3737095e-08 -5.3461183e-07
 6.6397549e-08 -8.1959289e-07
-5.8707357e-08 -3.2003522e-07
-5.6315960e-08 -2.3151096e-07
-4.7684039e-08 -1.1056501e-06
-5.3334189e-08 -1.0225991e-06
-2.1497435e-08 -9.8365843e-07
-5.5468116e-08 -9.2717730e-07
-1.9689892e-08 -8.8808824e-07
-5.4250787e-08 -8.3256517e-07
-1.7181698e-08 -7.8836633e-07
-5.1827059e-08 -7.3067216e-07
-1.4399206e-08 -6.8545602e-07
-4.9036556e-08 -6.2930136e-07
-1.2619425e-08 -5.8443568e-07
-4.7122461e-08 -5.2899011e-07
-1.0315997e-08 -4.8551787e-07
-4.4603034e-08 -4.3152972e-07
-8.3335820e-09 -3.8864354e-07
-4.2598047e-08 -3.3546534e-07
-7.8706540e-08 -3.7569389e-07
-7.7364384e-08 -2.8332654e-07
-4.8005058e-09 -2.9763841e-07
 2.7372123e-08 -3.4438933e-07
 3.1712213e-08 -2.5730822e-07
-8.4882653e-08 -5.7441888e-07
 2.9042752e-08 -5.3663852e-07
 1.3130643e-08 -8.4578144e-07
-1.1229303e-07 -3.2134996e-07
-1.1171379e-07 -2.3295485e-07
-2.8115277e-08 -1.2398438e-06
-4.8668440e-07 -1.5459821e-05
 5.4071060e-07 -1.5535591e-05
 6.5679611e-07 -3.5038501e-06
-6.0760599e-07 -9.8604840e-07
-6.4799420e-07 -8.7605061e-07
-7.0661198e-07 -7.9528496e-07
-6.8504213e-07 -7.6280224e-07
-7.3999911e-07 -6.8810321e-07
-7.1649291e-07 -6.5063827e-07
-7.6687883e-07 -5.8324951e-07
-7.4054012e-07 -5.4202417e-07
-7.8810495e-07 -4.8079218e-07
-7.5999270e-07 -4.3706853e-07
-8.0486776e-07 -3.8073769e-07
-7.8807915e-07 -6.1529008e-07
-7.7419865e-07 -3.3631685e-07
-8.3297039e-07 -4.2040178e-07
-8.4828168e-07 -3.2599525e-07
-7.3169498e-07 -3.8470324e-07
-7.4404752e-07 -2.8618841e-07
-8.7533874e-07 -3.6358282e-07
-8.8918935e-07 -2.7426302e-07
-8.5747184e-07 -4.5266651e-07
-8.6118610e-07 -2.3342484e-07
-3.4302187e-07 -1.2563872e-06
-6.9343564e-07 -6.0354015e-07
 9.3668474e-07 -4.5711052e-06
 1.1774354e-07 -2.9699746e-07
 1.2116263e-07 -2.1316679e-07
 8.6615232e-08 -1.6253599e-07
 7.0457785e-07 -4.4191913e-07
 1.1393670e-07 -3.8422382e-07
 5.5409802e-07 -1.0642526e-06
-2.1844103e-08 -1.2271979e-06
-6.4052872e-08 -1.2226846e-06
 6.2389299e-08 -2.9912194e-07
 6.6490037e-08 -2.1535567e-07
 3.1358147e-08 -1.6370384e-07
 3.2053455e-07 -6.9638948e-06
 5.8966510e-08 -3.8598772e-07
 2.1570729e-07 -1.3615819e-06
-1.1367995e-07 -4.0994905e-07
 8.9521698e-07 -2.8072893e-07
 9.0649840e-07 -2.0078690e-07
 8.7563156e-07 -1.5796171e-07
 8.8141483e-07 -3.6060679e-07
-9.2041068e-08 -9.6259894e-07
-5.8756907e-08 -4.0969149e-07
-4.1962091e-08 -9.6475686e-07
-4.4196401e-07 -6.1342380e-06
 4.9450852e-07 -6.1428164e-06
 7.2177710e-07 -3.8035292e-06
-7.2062378e-07 -3.8064711e-06
-3.2877047e-09 -1.2750293e-06
 1.6233795e-07 -1.3082377e-06
-5.6685074e-07 -6.0550041e-06
 5.7051508e-07 -6.0353525e-06
-7.8721744e-07 -2.3934709e-07
-7.5321194e-07 -1.9813343e-07
-7.1314855e-07 -2.3905076e-07
-6.8437090e-07 -9.1921939e-07
-9.0061934e-07 -1.8476351e-07
-2.3370659e-08 -1.9838533e-07
-7.9072106e-08 -1.9947762e-07
 5.0857471e-07 -6.5119920e-06
 1.0096181e-07 -1.3524175e-06
 1.1434707e-07 -1.3946329e-06
 7.6376383e-07 -2.0069142e-07
 1.2318265e-07 -1.4192087e-06
-4.9520491e-07 -9.6375347e-06
-6.4355229e-07 -5.2829152e-08
 9.7507591e-07 -4.1709096e-08
 1.9014454e-07 -4.7334095e-08
 1.3364650e-07 -4.7542597e-08
-1.4025505e-07 -4.7159955e-08
 6.3708647e-07 -5.3638652e-08
-9.8149813e-07 -4.2303791e-08
-1.9674093e-07 -4.6950371e-08
 1.6180399e-07 -1.6929641e-06
-1.2877730e-08 -1.2573181e-06
 3.6712239e-07 -1.6204295e-06
 3.8285398e-07 -1.6750838e-06
 3.5901110e-07 -1.5648045e-06
 9.1103752e-08 -1.2935584e-06
 1.7851105e-07 -1.5125062e-06
-1.5916658e-07 -2.7168147e-06
 3.7711111e-08 -1.7432072e-06
-2.4047502e-08 -1.4477052e-06
-8.7503020e-07 -1.3910909e-07
-2.6676189e-07 -1.3066563e-05
 4.1583560e-07 -1.3241835e-05
 5.7256173e-08 -1.2926798e-06
 2.1364165e-08 -1.2684994e-06
 2.2469370e-08 -1.2639400e-06
-1.8301880e-08 -1.8834295e-06
-1.2151874e-08 -1.8350071e-06
-4.2374131e-08 -1.6534002e-06
 1.2544319e-08 -1.8907756e-06
 3.5888064e-08 -1.6474345e-06
-3.1998723e-07 -8.0735349e-06
-1.7486592e-07 -2.0524783e-06
 2.2493211e-08 -2.3627305e-06
-5.8859829e-07 -9.6013455e-07
-2.0051142e-07 -1.4735692e-06
-9.2497579e-07 -2.2218721e-07
 2.8014043e-07 -1.5634769e-06
-7.2509814e-07 -1.0775897e-05
-3.2615054e-07 -1.8408584e-06
-2.8302502e-08 -1.3452748e-06
-8.1189611e-08 -1.2811268e-06
 6.8745322e-07 -2.9886785e-07
 6.9262630e-07 -1.9810957e-07
-2.4938209e-07 -8.1124652e-06
 2.5327871e-07 -8.0948666e-06
 1.9857656e-07 -1.5411939e-06
 9.7603562e-08 -1.4293020e-06
-1.9946334e-07 -1.5435839e-06
-9.1815085e-08 -1.4155842e-06
-2.5118071e-07 -1.3548934e-06
-1.4041222e-07 -1.2562523e-06
 2.4949685e-07 -1.3559664e-06
 1.3934865e-07 -1.2574969e-06
-2.8882257e-07 -7.9394211e-06
 2.8737749e-07 -7.9438730e-06
-1.4247108e-07 -2.7015566e-07
-1.4381656e-07 -1.7949662e-07
 3.5274513e-07 -1.6391298e-06
 2.4961935e-07 -1.5375525e-06
-9.0253543e-08 -2.6721870e-07
-8.8344095e-08 -1.7872247e-07
-3.5463896e-07 -1.6436592e-06
-4.6795167e-08 -1.2968032e-06
-8.3089827e-07 -1.9506387e-07
-5.1749825e-07 -2.1480537e-06
-2.2307408e-07 -8.9152208e-06
-4.0729198e-07 -1.8296755e-06
-3.8617705e-07 -1.7006372e-06
-3.5339506e-07 -1.6512605e-06
-4.7846698e-08 -1.5557234e-06
-1.8194012e-09 -1.0657547e-05
 2.3991467e-08 -1.0367900e-05
-3.4173813e-07 -1.7457829e-06
 3.3844806e-07 -1.7452020e-06
-9.3411062e-07 -1.5578976e-07
-1.0850131e-08 -1.2974834e-06
-3.2507680e-08 -1.2672730e-06
 3.4860619e-07 -1.8733526e-06
 3.3563588e-07 -6.9221040e-06
-3.2182068e-07 -6.9850425e-06
-9.3028543e-07 -9.2841724e-06
-2.9508768e-07 -2.4880824e-06
-2.4931263e-07 -2.9744828e-06
-3.7119911e-07 -1.6323368e-06
-3.6293314e-07 -1.5846951e-06
-3.6997088e-07 -1.5063989e-06
-3.6309192e-07 -1.5272909e-06
-3.7910127e-07 -1.4643460e-06
 1.8541377e-07 -2.0170949e-06
 2.9621867e-07 -2.5820544e-06
-1.8650182e-07 -2.0151706e-06
-2.9824389e-07 -2.5830171e-06
-4.8468354e-07 -1.9762192e-06
 4.8293279e-07 -1.9783461e-06
-4.1103541e-07 -7.8902804e-06
-3.1381905e-08 -9.6909598e-06
-1.5867180e-07 -1.3740125e-06
-5.6502390e-08 -1.2264814e-06
-7.5727553e-08 -1.2032547e-06
-4.8493387e-08 -1.2282935e-06
 5.0777826e-08 -1.2268376e-06
 7.3475152e-08 -1.2029038e-06
 4.8141955e-08 -1.2238318e-06
-1.2487043e-07 -1.2902297e-06
 4.2142069e-07 -1.7994578e-06
 5.0068865e-08 -1.2713717e-06
 1.7710979e-08 -1.2765368e-06
-8.4180207e-09 -1.2493139e-06
 6.0051214e-07 -5.4663070e-06
-3.0795845e-07 -1.1682633e-06
-3.3991211e-07 -1.1906866e-06
-4.2190222e-07 -1.1482760e-06
-2.5544173e-07 -1.2260181e-06
-2.8332558e-07 -1.2454840e-06
 2.5316423e-08 -1.3498170e-06
 2.2473527e-08 -1.3262153e-06
 5.9501441e-08 -1.3749073e-06
-7.1812109e-09 -1.3483230e-06
-1.6684361e-08 -1.3192124e-06
 2.7391639e-08 -1.3689263e-06
 6.4189373e-09 -1.3300215e-06
 4.0405037e-07 -1.3575275e-06
-5.5544218e-07 -1.0385813e-06
-5.7430392e-07 -1.0526725e-06
 3.9133716e-07 -1.1264292e-06
 4.1465823e-07 -1.1574590e-06
 4.8898773e-07 -1.1163123e-06
 3.2918878e-07 -1.1974090e-06
 3.6045911e-07 -1.2173717e-06
 2.7205684e-07 -1.2476142e-06
 2.2683268e-07 -1.2402427e-06
 4.6054903e-08 -1.2898637e-06
 4.2578784e-08 -1.2730241e-06
 1.0526592e-08 -1.3240404e-06
 1.6005459e-08 -1.2979607e-06
 6.6508502e-08 -1.2075343e-06
-1.8118465e-08 -1.3377255e-06
-3.4080381e-08 -1.3762176e-06
 5.7937032e-09 -1.2969748e-06
 1.4641931e-09 -1.2785723e-06
-2.8936808e-08 -1.3300269e-06
-2.4234774e-08 -1.3023406e-06
 2.3131009e-08 -1.2127673e-06
-5.6689793e-08 -1.3424979e-06
-7.2092986e-08 -1.3827473e-06
-8.4584575e-08 -1.4615182e-06
 1.0998618e-07 -1.2648409e-06
-1.2093871e-07 -1.4699673e-06
 8.5663601e-07 -7.8798652e-08
 8.3304722e-07 -1.5780404e-07
-7.7993874e-07 -6.9514017e-08
 9.4540627e-09 -7.9790698e-08
-1.2036422e-08 -1.5805927e-07
 6.6000981e-08 -7.9529192e-08
 4.3963579e-08 -1.5731063e-07
-1.2747088e-08 -7.3001130e-08
-6.9232740e-08 -7.3391683e-08
 7.7124102e-07 -9.6776388e-08
 1.1092734e-07 -1.0115190e-05
-1.5142519e-07 -1.0119291e-05
 6.3728213e-07 -8.3888990e-07
 3.3796165e-08 -1.1020290e-05
-3.6418466e-08 -1.1030510e-05
-4.9831183e-08 -1.0644569e-05
 4.8198101e-08 -1.0652304e-05
 5.5445660e-07 -1.6393651e-05
-5.4949523e-07 -1.6348696e-05
-9.8905552e-08 -1.1675370e-06
-7.1114044e-07 -3.5030637e-06
-5.7847667e-07 -4.4084740e-06
 9.5943852e-09 -4.9675477e-06
-4.4053107e-07 -1.4522360e-05
 3.8455573e-07 -1.4658420e-05
-2.1298872e-07 -9.5599233e-06
 2.1098231e-07 -9.5539308e-06
 1.5240410e-07 -2.5344492e-07
 1.5396363e-07 -1.7162221e-07
-7.7432930e-07 -4.5513678e-06
-1.6366559e-07 -5.2909289e-06
 3.2913752e-08 -6.4613181e-06
-8.3836927e-07 -3.5248728e-06
-2.3044170e-07 -2.8946507e-06
-9.1255035e-08 -3.7767629e-06
 6.5326999e-07 -3.1811893e-06
 2.2825185e-07 -2.7995362e-06
-6.5436042e-07 -3.1770318e-06
-2.2777977e-07 -2.7935286e-06
-2.0794018e-07 -1.7574043e-05
-9.7572942e-08 -1.7497840e-05
-1.8406428e-07 -1.7198643e-05
 2.0732370e-07 -1.7608069e-05
 9.6267153e-08 -1.7535363e-05
 1.8410393e-07 -1.7238122e-05
-4.1325635e-07 -7.7101473e-06
 6.7654683e-07 -4.9994189e-06
-6.6343719e-07 -4.9729012e-06
 1.1943576e-07 -1.2892907e-06
 2.9207240e-08 -1.2564615e-06
 4.0912047e-08 -1.3990696e-06
 7.9323875e-08 -1.4224591e-06
 6.3710764e-08 -1.3813275e-06
-5.5060771e-08 -1.1738044e-06
-7.3459422e-07 -8.3084988e-07
 6.4269161e-07 -2.7921959e-06
 2.7009671e-07 -2.4375127e-06
 2.0557084e-07 -3.0417385e-06
 7.6889137e-08 -3.7349066e-06
 5.9245561e-07 -4.4162738e-06
-4.4792492e-07 -1.2633472e-06
-5.0557416e-07 -1.1761623e-06
 1.0989334e-07 -1.0910986e-06
 6.5805019e-08 -1.0964944e-06
 6.2261193e-07 -9.7352333e-07
-2.9177210e-07 -6.7275988e-06
 2.9791799e-07 -6.7218729e-06
 6.5795018e-07 -2.5951398e-07
-9.7479136e-08 -6.8081937e-07
-5.8646685e-08 -7.3490839e-07
 5.9683589e-07 -7.7325073e-07
-8.5047285e-07 -6.1464210e-07
-8.0142554e-07 -6.8159989e-07
-1.5100073e-07 -6.7781366e-07
-1.1168081e-07 -7.3420080e-07
 8.6912638e-07 -3.5147403e-06
 1.6945978e-07 -4.0065905e-06
-5.5411664e-08 -1.5161000e-07
-1.1165077e-07 -1.5055065e-07
 7.3275200e-07 -1.5797571e-07
 8.4433674e-07 -5.9115305e-06
-7.0418210e-07 -3.3219616e-07
-6.9127472e-07 -4.3368980e-07
-7.1560308e-07 -4.9314725e-07
-4.9536569e-07 -4.8261802e-06
 5.0124176e-07 -4.8306516e-06
 3.6748505e-07 -1.4499957e-06
 3.7572525e-07 -1.4618036e-06
 9.7058315e-08 -2.5549591e-07
 9.9925911e-08 -1.7329506e-07
-1.1968951e-07 -2.1754165e-07
-9.7730256e-08 -3.4951962e-07
 1.8911075e-08 -9.6971967e-06
-7.0903438e-08 -1.3048885e-06
-1.7246016e-07 -2.2614814e-07
 9.3591455e-07 -2.2374327e-07
 9.3775011e-07 -1.5084011e-07
 4.0162961e-07 -1.5578042e-05
 6.8911934e-08 -1.4052785e-06
 1.1224788e-07 -1.4259406e-06
 1.7010326e-07 -1.4871219e-06
-3.4195308e-07 -1.6013332e-06
 1.2711593e-07 -1.2745046e-06
 6.4751233e-08 -1.3220684e-06
-4.0472305e-07 -1.3625112e-06
-4.0857303e-07 -1.3818619e-06
-4.5947958e-07 -1.1275085e-05
-9.2180946e-07 -2.9899250e-07
 1.4672172e-07 -1.4459505e-06
-6.7064291e-07 -2.7425199e-07
-6.8308653e-07 -1.8373302e-07
-2.1560535e-07 -1.2122941e-06
 8.0350938e-07 -2.4029389e-07
 1.8689841e-08 -2.3641115e-07
-3.7023866e-08 -2.3740101e-07
-1.1875795e-07 -1.4368285e-06
 2.9965195e-07 -1.1714055e-06
 8.0868167e-09 -1.3459087e-06
-3.0641248e-08 -1.3534515e-06
 1.7486544e-07 -1.7588647e-05
-1.7391193e-07 -1.7623768e-05
-8.1925811e-08 -1.4295589e-06
 9.8389462e-08 -1.1650553e-06
 5.4704972e-08 -1.1712478e-06
 1.3594718e-07 -1.3593005e-06
 5.5065264e-07 -1.0332406e-06
 5.6046208e-07 -1.0639680e-06
 6.1375607e-07 -6.5167307e-07
 6.5893966e-07 -5.8382608e-07
-7.8399355e-08 -1.2315405e-06
-4.3457160e-08 -1.4211473e-06
-3.2723067e-07 -1.4071257e-06
 3.2390399e-08 -1.3110563e-06
-1.7087125e-07 -1.4854415e-06
-4.5653142e-07 -1.2815369e-06
 8.1673856e-08 -1.0783143e-06
 8.6950099e-08 -9.9337420e-07
 1.1904985e-07 -9.0904274e-07
 1.3466949e-07 -7.9099799e-07
 1.0024770e-07 -7.2864736e-07
 1.1479533e-07 -6.1116902e-07
-8.9010023e-07 -5.1395929e-07
-3.7995346e-07 -1.5585687e-05
-6.0949109e-07 -2.1881227e-06
-1.6195923e-07 -5.6900515e-07
-1.2707927e-07 -5.0940885e-07
-1.0760229e-07 -5.7159082e-07
-7.3604501e-08 -5.1021502e-07
-9.5702464e-07 -1.7970395e-07
 6.4772439e-07 -6.8844747e-07
-3.7065523e-07 -1.7029996e-05
 3.6564317e-07 -1.6979273e-05
-1.2426448e-07 -1.0000988e-06
-1.3312453e-07 -8.9835718e-07
 4.9002938e-07 -1.1516584e-06
-7.4961020e-08 -1.0041633e-06
-3.5572090e-08 -1.0729674e-06
-8.2379672e-08 -9.0125868e-07
-3.6650080e-08 -1.2386531e-06
 5.3451833e-07 -1.0335827e-06
 3.2988242e-07 -1.5613185e-06
 8.8418549e-07 -5.1321954e-07
 8.3846414e-07 -5.7288131e-07
 7.9591168e-07 -6.8769167e-07
-6.2014924e-07 -6.4352478e-07
 1.0200713e-07 -5.7245787e-07
 6.1315832e-08 -6.1421680e-07
 5.3507645e-08 -7.2881919e-07
 7.4405180e-08 -5.1337096e-07
-1.3514126e-07 -1.4779362e-06
 1.5772035e-07 -5.6708804e-07
 1.2747457e-07 -5.1484147e-07
-2.4306130e-07 -5.7444672e-06
-6.6448045e-07 -7.1566306e-07
-6.2902044e-07 -8.3791098e-07
 4.5831580e-09 -1.2781884e-06
 8.7910443e-09 -1.2459587e-06
 4.6869211e-07 -1.8136125e-06
-6.9880508e-08 -3.5145198e-06
 7.8011875e-08 -3.5442062e-06
 3.1769306e-07 -5.5897142e-06
-3.1556840e-07 -5.5869100e-06
 3.6121073e-08 -1.0781306e-06
 3.7935169e-08 -9.7632859e-07
 7.7198768e-08 -9.1479387e-07
 4.6073288e-07 -5.8704796e-06
-4.2480524e-07 -5.9274462e-06
 8.7346589e-07 -4.7373595e-07
 4.5405776e-07 -1.2748031e-06
 1.2302675e-07 -2.0657473e-07
 9.4802811e-08 -3.3853395e-07
 1.1839299e-07 -1.1024610e-07
-8.1784494e-07 -2.8473239e-07
-2.9362293e-08 -1.0352582e-05
 3.0397944e-07 -8.7470004e-06
-7.4731710e-07 -6.5142555e-06
 1.5856155e-08 -1.0658280e-05
 1.7913858e-07 -2.0792848e-07
 1.5010697e-07 -3.3668919e-07
 1.7473140e-07 -1.1010693e-07
 7.0749016e-08 -1.3048212e-06
-4.4691614e-07 -3.8078384e-06
 1.4423353e-07 -3.2736775e-06
 4.4376464e-07 -3.8105062e-06
-1.4457951e-07 -3.2691386e-06
 5.0556590e-07 -4.0570291e-06
-4.8564512e-07 -4.0872364e-06
-7.1832982e-07 -1.4585441e-07
 1.9073476e-07 -2.4341928e-06
 2.8389088e-07 -3.0802766e-06
-2.1359879e-07 -9.2002866e-06
 2.1526182e-07 -9.1989998e-06
-5.7104549e-07 -4.3060189e-06
-9.5301555e-08 -8.4840266e-07
 1.1280472e-07 -1.3969199e-06
-8.8981853e-09 -1.2911269e-06
-1.7832929e-07 -3.7019737e-07
-9.4177000e-07 -3.3789686e-07
 6.3318667e-07 -4.2423389e-07
-6.3236257e-07 -4.3159487e-07
 9.3778994e-07 -3.3734457e-07
-8.2734422e-08 -1.0702231e-06
-1.5417107e-07 -1.2767725e-06
 4.9908853e-07 -1.1463198e-06
 4.5857047e-07 -3.3844465e-06
-4.6172688e-07 -2.7710730e-06
 9.6947185e-07 -1.9125025e-07
-6.3294375e-07 -2.4707732e-07
 1.0207291e-07 -7.4331789e-08
 4.7855248e-08 -7.3968067e-08
 8.9358210e-07 -7.1274190e-08
-2.3141659e-07 -1.9675705e-06
 6.8309747e-07 -3.5518310e-06
 4.3660207e-07 -2.4113336e-06
 7.5248018e-07 -8.0566931e-07
 6.9620052e-07 -8.9317722e-07
-3.7304456e-08 -1.2609261e-06
-8.9810150e-07 -6.2953550e-08
-5.2606679e-08 -7.6000367e-08
 7.3217689e-07 -7.3371757e-08
-1.0905213e-07 -7.6136231e-08
-7.3925851e-07 -6.8723793e-08
 3.8801878e-07 -2.5248760e-06
-3.7989570e-07 -2.5342363e-06
 4.5918567e-07 -2.7865851e-06
-4.5094537e-07 -2.8051325e-06
-1.8394691e-07 -1.7158512e-06
 1.8721948e-07 -1.7038020e-06
-2.7105597e-07 -1.9651223e-06
 2.7367665e-07 -1.9539371e-06
 8.4803750e-08 -1.3697708e-06
-3.3781419e-08 -1.2844759e-06
-6.7253851e-07 -5.9121164e-08
 6.6618141e-07 -5.9013930e-08
 1.0818457e-07 -5.3266973e-08
-1.7100999e-07 -5.2584427e-08
 1.6516029e-07 -5.3114818e-08
 9.5238994e-07 -4.7529520e-08
-9.5801628e-07 -4.8323097e-08
-1.1442911e-07 -5.2762212e-08
 1.5090602e-07 -1.2766917e-06
 7.2932099e-07 -4.9718363e-07
-8.2798027e-08 -4.7303348e-07
-2.8374213e-08 -4.7234420e-07
-6.8971568e-07 -9.0478761e-07
-1.0818152e-06 -7.0161656e-06
 6.2626903e-09 -1.3573466e-06
-1.1994644e-07 -6.2454117e-07
-8.1364869e-08 -1.1440668e-06
-6.6275610e-08 -6.2544089e-07
 3.9325218e-07 -5.8218659e-06
-1.4574736e-07 -3.5594078e-07
 6.7415821e-07 -3.9642648e-07
-8.4048613e-07 -5.8555192e-07
 5.9836965e-07 -9.5325085e-07
 6.4756513e-07 -1.4422298e-05
 3.9905756e-09 -1.0989919e-05
-5.8589573e-09 -1.0998888e-05
 7.1713515e-08 -1.0725805e-05
-8.1206908e-08 -1.0737109e-05
 3.5374656e-07 -1.4562163e-06
 3.4300065e-07 -1.5851540e-06
-3.6481590e-08 -1.1481386e-06
-7.1976996e-07 -8.2362923e-07
 5.0262849e-07 -1.1807303e-06
-9.0053381e-07 -3.9341463e-07
-4.4608577e-08 -8.4882990e-07
 9.6300051e-07 -9.5528587e-08
-6.5603442e-07 -1.2156588e-07
-3.6384492e-07 -1.7602670e-06
 3.4805052e-07 -2.2989566e-06
-4.2504315e-08 -1.3469942e-06
-1.2904483e-07 -1.0073317e-07
 6.4826697e-07 -1.1235463e-07
-1.8580392e-07 -9.8939228e-08
-9.7059467e-07 -8.8351950e-08
 9.1917181e-07 -3.0886001e-07
-2.5028657e-08 -1.2824368e-06
 1.5635278e-08 -1.2803177e-06
 3.7230834e-07 -1.2746079e-06
-1.8754454e-07 -1.5421696e-06
 1.8486449e-07 -1.5396719e-06
-3.4655051e-09 -1.3281546e-06
-2.6814785e-09 -1.3294732e-06
-1.5170356e-07 -1.5333199e-06
 8.1386923e-07 -8.9224975e-06
 9.2874984e-08 -1.2485871e-06
-7.9736604e-08 -1.3513298e-06
-8.1301555e-07 -5.1609247e-07
 8.4233018e-07 -4.1927928e-07
 7.9606893e-08 -4.3596195e-07
 2.4813578e-08 -4.3802913e-07
 3.5950894e-07 -1.6716854e-06
-5.7749650e-08 -3.6458983e-06
-1.3293367e-07 -1.2757254e-06
 2.0075864e-07 -1.2711967e-06
-6.1731383e-07 -1.0153932e-06
 6.2826492e-07 -9.9228999e-07
 8.1665512e-08 -8.0765483e-07
 1.2975411e-07 -1.4463583e-06
 8.1250482e-08 -1.3499988e-06
-4.3242765e-07 -1.3184611e-06
-2.6150447e-08 -1.2633760e-06
 4.8479628e-07 -1.6973454e-05
 4.3356693e-08 -1.6858907e-05
-4.8461387e-07 -1.6936592e-05
-4.8755637e-08 -1.6816492e-05
 1.0450042e-08 -1.3239769e-06
 4.3829863e-08 -1.3558911e-06
 1.5534289e-07 -4.9969099e-06
 8.0603373e-07 -7.0755806e-07
 2.9064371e-07 -1.2974346e-06
-2.9261831e-07 -1.2963143e-06
-6.6599583e-07 -3.8082197e-07
 1.2283228e-07 -1.3290803e-07
 7.2679372e-08 -1.3645017e-07
-3.4812255e-07 -1.5281606e-06
-3.9407621e-07 -1.3647972e-06
-6.1842360e-08 -4.4607633e-06
-5.4297134e-08 -1.7721061e-05
 5.4711620e-08 -1.7687251e-05
 2.6792076e-07 -1.4365712e-06
-2.5024847e-07 -1.4245223e-06
-4.1337677e-07 -1.2200419e-06
-7.6218724e-07 -7.1501447e-07
 2.2110237e-07 -1.3318064e-06
-6.6894349e-07 -5.5038262e-07
-2.8333150e-09 -1.2946400e-06
 2.8412872e-08 -1.3035472e-06
-5.3204093e-07 -6.5437434e-06
-1.4464833e-07 -1.2680691e-06
 4.0283435e-07 -1.3801876e-06
 3.6612841e-07 -1.4983862e-06
 5.9345388e-07 -9.4275175e-06
-1.5967209e-07 -1.3076118e-06
-5.6305857e-07 -1.0881024e-06
-4.7923411e-07 -1.0783109e-06
 7.5834765e-08 -1.4470974e-06
-2.6957656e-07 -1.2798822e-06
 2.4229546e-08 -1.7734473e-05
 1.1474605e-08 -1.7676827e-05
-2.4597192e-08 -1.7700951e-05
-1.3082718e-08 -1.7643829e-05
-5.1685637e-07 -1.1801070e-06
 9.1393923e-07 -1.2291707e-07
-3.5899581e-07 -1.4637438e-06
-4.8388365e-07 -4.0192009e-06
-1.1363560e-08 -1.2988178e-06
 7.6385055e-08 -4.4883688e-06
-7.5883299e-07 -2.9455685e-06
 7.6298250e-07 -2.9458104e-06
-4.8042859e-08 -1.2702646e-06
 1.7726235e-07 -3.7566131e-07
-2.0828130e-07 -2.2357502e-06
 2.1728903e-07 -2.2581002e-06
-2.5242640e-07 -1.5548351e-06
 3.1467082e-07 -1.3005943e-06
-7.0982861e-09 -1.2764710e-06
 4.3516876e-07 -1.1837489e-06
 3.7932551e-08 -1.2510163e-06
-3.9899039e-09 -1.2551330e-06
 5.1116943e-08 -1.2257486e-06
-9.8173210e-08 -1.2491243e-06
 4.0552000e-09 -1.1754497e-06
-4.0175283e-08 -1.1749403e-06
-7.1951645e-08 -1.3143528e-06
 1.5989512e-08 -1.3283577e-06
 1.1426972e-07 -4.1057989e-06
 1.2175465e-07 -3.7753868e-07
-8.6192570e-07 -6.5985101e-08
-3.7463298e-07 -1.2075265e-06
 6.6241910e-09 -1.3033965e-06
-3.2587234e-08 -1.3052717e-06
-2.9790030e-07 -6.9080905e-06
-8.7779620e-07 -4.8081577e-07
 4.1175606e-07 -2.1792109e-06
-5.0277575e-08 -1.2171537e-06
 4.2057762e-07 -1.5428625e-06
-4.2287614e-07 -1.5423418e-06
 4.5513534e-09 -1.2582047e-06
-5.1806113e-07 -7.3276989e-06
 5.1799732e-07 -7.3226326e-06
 4.0036603e-07 -1.8558097e-06
-6.3705833e-07 -1.4169069e-05
 1.4446773e-07 -1.5266926e-06
-5.7293132e-07 -3.0059640e-06
-2.2743993e-07 -1.8462593e-06
-7.9714832e-07 -1.4562259e-07
 9.0100971e-07 -3.8765903e-07
-7.4469169e-07 -8.2588169e-07
-8.4735694e-08 -1.7569540e-05
-1.2723742e-07 -3.7977020e-07
-5.2322399e-08 -1.4742361e-07
 3.7889457e-09 -1.4664614e-07
-1.0923186e-07 -4.1062089e-06
-5.1807678e-07 -7.3977966e-06
 5.4601542e-07 -7.3717923e-06
 6.9522115e-09 -1.0329362e-06
 1.4110087e-07 -4.2428468e-07
-1.1291861e-07 -1.5500300e-06
 3.7576269e-08 -1.2570030e-06
 5.0604082e-08 -1.4423289e-06
-2.5507145e-08 -1.4333665e-06
-3.8429357e-08 -1.4171841e-06
 4.3710504e-08 -1.3280970e-06
-2.9667845e-08 -1.2650591e-06
 6.7914923e-07 -1.2372752e-07
-1.5826498e-07 -1.1099535e-07
-1.0191216e-07 -1.1112241e-07
-4.8942317e-07 -1.1086936e-06
 7.4615035e-07 -5.3101784e-06
 7.9866771e-07 -1.6003306e-07
 2.4829938e-07 -1.6461262e-06
-1.5359888e-07 -8.3767117e-08
-9.9249290e-07 -7.3467534e-08
 9.8804134e-07 -7.3329221e-08
 2.0365250e-07 -8.5145338e-08
-2.1157666e-07 -8.2277330e-08
 1.4730377e-07 -8.5510980e-08
-6.2497648e-07 -9.5587331e-08
 6.1912164e-07 -9.5245261e-08
 9.1506372e-08 -1.2168330e-06
-5.4976150e-07 -1.0709313e-06
-9.7551996e-07 -1.9500462e-07
 8.5939331e-08 -4.2493353e-07
 6.2812314e-07 -2.3733817e-07
 8.5807269e-08 -1.7532343e-05
 6.7440718e-07 -7.2394785e-07
 2.0329261e-07 -1.6151981e-06
-5.7092067e-07 -9.1344443e-07
-5.3176828e-07 -1.0398825e-06
 7.3748200e-08 -6.4810452e-07
-8.6869971e-08 -1.2157406e-06
 4.0701134e-07 -1.3761130e-06
 6.2666348e-07 -1.0009168e-06
 6.6364161e-08 -1.2135565e-06
-9.1199531e-08 -4.2962926e-07
-3.7446789e-07 -1.4679479e-06
 2.2292673e-08 -6.4997498e-07
-8.3361141e-07 -5.4419488e-07
 7.2405771e-07 -1.0448156e-05
-8.2586418e-08 -6.7996048e-07
-6.8529432e-07 -1.1619978e-07
-1.9932205e-07 -2.0558045e-07
-2.9446849e-08 -6.7968083e-07
 5.4133242e-08 -1.0388281e-06
 4.5171274e-08 -1.3381778e-06
-5.5782556e-08 -1.2754455e-06
-1.4623512e-07 -2.1480752e-07
-2.9641489e-08 -1.2717309e-06
 2.4134633e-07 -2.0001357e-06
 1.1133511e-07 -2.5247475e-06
-1.0647360e-07 -2.5409058e-06
 2.2103244e-07 -1.5327125e-06
 5.5776135e-08 -1.3456484e-06
-5.7023496e-08 -1.3454999e-06
-1.8739564e-07 -1.5253836e-06
-2.2272461e-07 -1.5330127e-06
 1.9645467e-07 -3.1843999e-06
 7.9305315e-07 -6.3002008e-07
 3.2781908e-07 -1.2605357e-06
-1.0333426e-07 -1.3762191e-06
 7.9075708e-08 -1.3754933e-06
-7.0186002e-08 -1.2170696e-06
-9.1514013e-07 -1.1616435e-07
-5.5366478e-08 -2.2841034e-06
 5.9495032e-08 -2.2709456e-06
 4.7922690e-08 -1.2075391e-06
-3.6897915e-08 -1.6092764e-05
 3.7503890e-07 -1.7015645e-06
 9.3921352e-07 -9.6020818e-08
 6.8902820e-08 -1.3110542e-06
-3.1272655e-08 -2.2092840e-06
-3.6613312e-08 -1.3074563e-06
 4.3261304e-09 -1.2115765e-06
-1.4534140e-07 -4.3061107e-07
 1.7038152e-08 -7.4630819e-07
 8.0210325e-08 -2.7278642e-06
 3.0765712e-09 -1.3041108e-06
-4.1039779e-07 -8.5480436e-06
 4.0850530e-07 -8.5429672e-06
 2.7200574e-08 -2.4960628e-06
 6.6454606e-07 -4.8553188e-07
-4.0135834e-07 -1.3982691e-06
-4.0924228e-07 -1.6722902e-06
-6.6527611e-07 -1.2551165e-05
 9.3617184e-07 -1.2925025e-05
-2.1203515e-08 -1.2978039e-06
 9.2944450e-08 -1.5145611e-06
-1.7309918e-07 -1.5984144e-07
-3.7849041e-07 -1.4341725e-06
-3.5448986e-07 -2.4039012e-06
 4.9583321e-07 -1.1771793e-06
 7.0162911e-08 -9.2802113e-07
 6.5858422e-07 -1.8113823e-07
-1.1657230e-07 -1.5407359e-07
-4.5270676e-07 -1.1618991e-06
 5.6658342e-07 -1.1429330e-05
 8.1440831e-08 -1.3723419e-06
-7.8838294e-08 -2.7437918e-06
 2.9300199e-08 -1.2706616e-06
-3.4312205e-07 -1.5677607e-06
-6.2700192e-07 -1.7936229e-06
 6.2467551e-07 -1.7940940e-06
 7.5672788e-07 -7.2386893e-07
 1.4931084e-07 -1.0971975e-07
 6.0639457e-08 -1.7644489e-05
 6.2627575e-07 -7.9159648e-07
-6.0190885e-08 -1.7678909e-05
 9.8303066e-07 -6.5281257e-06
 4.6905621e-07 -8.6070805e-06
-4.5128675e-07 -8.6117441e-06
-8.4541554e-08 -1.3410100e-06
 7.9406886e-08 -1.7674580e-05
-8.0320814e-08 -1.7643389e-05
 4.3855576e-07 -7.6854174e-06
 5.1219296e-07 -1.7524985e-06
 1.6036821e-07 -3.0181799e-06
-4.4567974e-07 -1.7069137e-06
 4.3139949e-07 -1.6896743e-06
 8.4212819e-09 -9.4067445e-07
 1.0914099e-07 -4.5961489e-07
-1.6305017e-07 -1.0128394e-05
 1.6158344e-07 -1.0135162e-05
 4.4198292e-08 -1.6181586e-05
 1.2401216e-07 -1.4751870e-06
-2.4000440e-08 -1.2573400e-06
-1.4845464e-07 -3.0425708e-06
-3.8793225e-07 -1.5133889e-06
 2.9470198e-09 -2.2293588e-07
 3.2357860e-07 -1.4656855e-06
 3.2692380e-07 -8.1146280e-06
 1.3827840e-07 -4.9514765e-06
-8.2509615e-08 -5.9010775e-06
-3.3200997e-07 -1.6978192e-06
 8.4458851e-07 -2.1924341e-07
 2.1026159e-08 -1.2751978e-06
 6.2261264e-08 -7.3433799e-07
-3.6702226e-07 -9.6501723e-06
 3.1000195e-07 -8.9409800e-06
-3.1137388e-07 -8.9356469e-06
 5.8807085e-08 -2.2246904e-07
-5.1205353e-08 -1.3033500e-06
-6.5488574e-07 -1.9914906e-07
-1.9932449e-08 -1.2784327e-06
 1.0628921e-07 -1.7676538e-05
-1.0656992e-07 -1.7642653e-05
-9.2139083e-08 -1.7342543e-05
 1.4746690e-07 -1.4308879e-06
 9.8697308e-08 -1.7291387e-05
-7.2954450e-08 -2.6264699e-06
-9.4855219e-07 -2.3196974e-07
-3.8076109e-07 -1.7109319e-06
-5.8337288e-08 -1.9281099e-06
 9.1731054e-08 -1.7656439e-05
-9.1308602e-08 -1.7690166e-05
 3.7789614e-08 -1.2854129e-06
 1.8518204e-08 -1.3034918e-06
 3.8808839e-07 -1.2320447e-06
-1.2952894e-09 -1.2848484e-06
-1.9595331e-07 -3.4626480e-06
 6.9694462e-07 -2.0720977e-06
 5.9476995e-08 -1.9226823e-06
 1.1032774e-07 -2.1698277e-06
 1.9689262e-07 -2.7333267e-06
-9.4613243e-07 -9.8479245e-08
-2.2064551e-07 -1.9456563e-06
 2.1253457e-07 -1.9508875e-06
-4.3707558e-07 -1.3241809e-06
 2.0966149e-07 -1.2614777e-06
 3.4325153e-07 -1.6937532e-06
 2.8918475e-07 -1.0358012e-05
-2.9148210e-07 -1.0365182e-05
 8.6580470e-07 -4.3181119e-07
-3.2727522e-08 -4.3829439e-06
-7.9166366e-08 -1.3704941e-06
-4.1529271e-08 -1.3651146e-06
-6.0236869e-08 -1.1436796e-06
 3.6112263e-07 -9.6572319e-06
 5.4038654e-08 -4.5937266e-07
-6.5658327e-07 -4.7245928e-07
-1.5244451e-08 -1.1453669e-06
 7.5740767e-07 -7.8417137e-07
 1.8240712e-07 -1.0844484e-05
-1.8479595e-07 -1.0852901e-05
 9.4316190e-08 -1.0609459e-07
 3.6269096e-07 -1.4999185e-06
 3.9083125e-07 -1.7698584e-06
 6.5777593e-07 -3.4359820e-07
 6.6976413e-07 -9.2227644e-07
-1.5804429e-07 -3.9649744e-08
 9.9098763e-07 -3.5018754e-08
-9.9737265e-07 -3.5027881e-08
-2.1443373e-07 -3.9423740e-08
 1.5244643e-07 -3.9677100e-08
 2.0885663e-07 -3.9481875e-08
-6.2310793e-07 -4.5686167e-08
 6.1675092e-07 -4.5655095e-08
 3.3869141e-08 -1.1032618e-05
-3.6341457e-08 -1.1042496e-05
 4.4679636e-08 -8.8404599e-07
 6.1908206e-07 -4.8635607e-06
 8.0573723e-08 -4.5893892e-06
-1.0820278e-07 -2.1783550e-06
 7.0638239e-07 -1.2701925e-07
 8.7687178e-08 -1.1411955e-06
-7.0276049e-10 -1.2735173e-06
-1.1657062e-07 -1.0891678e-05
 1.1369054e-07 -1.0902985e-05
-7.7820000e-08 -7.7643617e-07
-5.1940882e-08 -1.3227060e-06
-5.3537257e-07 -1.1197487e-06
-2.0915302e-07 -1.2587482e-06
 3.3565122e-08 -4.3444828e-06
-7.5588802e-07 -1.2143070e-07
 4.3079717e-08 -1.1459305e-06
-2.5595892e-07 -1.0421175e-05
 2.4791308e-07 -1.0431592e-05
 3.5738755e-07 -1.5277169e-06
 3.2793808e-08 -1.3515733e-06
 9.4579374e-08 -1.4101364e-06
-1.6490873e-07 -3.0429151e-07
-2.5504304e-08 -7.7663872e-07
-1.3359402e-07 -1.1527088e-07
 6.4375339e-08 -1.2900522e-06
-6.5283009e-07 -6.6129311e-07
-7.6321253e-07 -7.6227430e-07
-1.4871117e-07 -1.4331484e-06
 1.1322115e-07 -6.7767047e-06
-1.1259427e-07 -1.4266160e-06
 9.5838413e-07 -1.5914978e-07
 1.7729100e-07 -1.5956084e-07
 3.2338893e-08 -5.3456527e-06
 4.3046991e-07 -1.4232247e-06
-4.3270639e-07 -1.4223899e-06
 2.0162608e-07 -2.1314450e-07
-1.2223336e-08 -5.3346933e-06
-7.7377904e-08 -1.1480183e-07
 6.9484938e-07 -5.2143705e-07
-1.5421561e-07 -1.6885105e-06
 4.7895168e-07 -1.2368128e-06
-3.6051635e-07 -8.9574428e-06
-1.9154045e-07 -2.1285840e-06
 1.0069741e-07 -8.4331895e-07
 5.8825828e-08 -1.2105886e-06
-8.4348413e-07 -1.2094178e-07
 1.2907733e-07 -3.0335014e-06
 5.6743466e-07 -1.1947569e-05
 1.2335381e-07 -1.5076206e-06
 2.1065126e-07 -1.7398065e-06
 3.4449732e-07 -2.1193038e-06
 1.2111463e-07 -1.5961270e-07
-2.9467013e-08 -1.3049546e-07
-5.2049918e-07 -1.1071807e-06
-3.7482594e-07 -1.6494802e-06
-2.4602370e-08 -1.3035230e-06
-8.5025116e-08 -1.3058779e-07
 3.6804170e-07 -8.9676112e-06
 3.3331004e-07 -1.6337906e-06
-8.0199021e-07 -6.4144637e-07
 9.0828114e-08 -1.5042383e-05
 1.4590337e-07 -2.1405662e-07
-2.1210388e-07 -1.7390451e-06
-1.8217507e-07 -1.7337280e-06
-1.2520796e-07 -1.5097975e-06
-3.5218481e-07 -8.0689743e-06
 4.8096166e-08 -8.0670371e-07
-9.5846684e-07 -1.3101565e-07
-5.4815112e-07 -1.8683072e-06
 2.4292817e-08 -1.3913697e-06
